MSE: 0.42159946627042644
R2: 0.5562110881363931
