Oracle: 100.19115817733109
Random: 45.95951464276756
_PCIe read bandwidth: 100.19115817733109
_PCIe write bandwidth: 100.19115817733109
_Long_Kernel: 70.63898515091958
_ave_Kernel_Length: 36.370808022404674
_long/short_Ratio: 36.370808022404674
_avg_Thread: 36.370808022404674
sm%: 17.68136001723789
mem%: 70.63898515091958
CPU%: 93.20366797676735
MainMem%: 72.2773780449664
