MSE: 0.09784395629720978
R2: 0.901056673407316
