MSE: 0.06049135279714815
R2: 0.9344677011364229
