MSE: 0.11053727858019212
R2: 0.8784089935617887
