MSE: 0.09203426876288041
R2: 0.8977397013745774
