MSE: 0.26634472823129196
R2: 0.7003621807397966
