MSE: 0.16660449520714027
R2: 0.8095948626204111
