MSE: 0.29727458029658027
R2: 0.6655660971663472
