MSE: 0.21573454751643473
R2: 0.7646532208911622
