MSE: 0.05258904397973047
R2: 0.942630133840294
