MSE: 0.05524673085762725
R2: 0.9397308390644067
