MSE: 0.10704073479787413
R2: 0.8810658502245843
