MSE: 0.2108487272126662
R2: 0.7469815273448006
