MSE: 0.27094554835230583
R2: 0.6838968602556432
