MSE: 0.14416834299673553
R2: 0.8398129522258495
