MSE: 0.05242207660605033
R2: 0.9432094170101122
