MSE: 0.18675263278141124
R2: 0.7821219284216869
