MSE: 0.4238646532800716
R2: 0.5231522650599194
