MSE: 0.05678781563428219
R2: 0.9375334028022896
