MSE: 0.21495998039152225
R2: 0.7611555773427531
