MSE: 0.4517688466691884
R2: 0.39764153777441547
