MSE: 0.17558262644080094
R2: 0.7993341412105133
