MSE: 0.0829427106723462
R2: 0.9126918835027935
