MSE: 0.11777151674226612
R2: 0.8802978026554017
