MSE: 0.19554443710361086
R2: 0.8038425709305471
