MSE: 2.8666296442444385e+26
R2: -2.9276217643347456e+26
