MSE: 0.14176396096698157
R2: 0.8576428843846211
