MSE: 0.11802361857754963
R2: 0.8804436071552095
