MSE: 0.14164053693113446
R2: 0.8522011788544683
