Oracle: 85.15164490621788
Random: 40.108263513782425
_Threads: 73.1486169874054
_Compute (SM) Throughput: 84.33694137890355
_DRAM Throughput: 73.1486169874054
_Memory Throughput: 73.1486169874054
_Registers: 40.36618906946356
_Static Shared Memory: 28.2555045717733
exclusive_throughput: 46.89417182096719
sm%: 28.445379020391137
mem%: 73.1486169874054
memcap: 52.16490699586926
