MSE: 0.1357132201032674
R2: 0.8613992645753865
