MSE: 0.33245370699059557
R2: 0.6666202381152803
