MSE: 0.16542701693900483
R2: 0.8235445152650616
