MSE: 0.16919246016215134
R2: 0.8177927352099909
