MSE: 0.22245812668262666
R2: 0.7573184072553164
