MSE: 0.14492596099566563
R2: 0.8439258881585139
