MSE: 0.24544199191990432
R2: 0.734104508753437
