MSE: 0.14252901659147127
R2: 0.8416344260094764
