MSE: 0.3601184947735928
R2: 0.5948666933797082
