MSE: 0.24327741397444066
R2: 0.7263129092787542
