MSE: 0.33772104979780015
R2: 0.6247543891135553
