MSE: 0.09469218446719468
R2: 0.8989950032349924
