MSE: 0.10112391966706494
R2: 0.8887636883662285
