MSE: 0.10377565468889541
R2: 0.7924486906222091
