MSE: 0.20736336720728774
R2: 0.7719002960719835
