MSE: 0.048456667307717236
R2: 0.9446209516483232
