MSE: 0.14066337241484866
R2: 0.8485163681686245
