MSE: 0.15653164099138292
R2: 0.8292382098275823
