MSE: 0.2807679011939048
R2: 0.6490401235076189
