MSE: 0.13355362490241302
R2: 0.8530910126073457
