MSE: 0.3849259478182665
R2: 0.5723045024241483
