MSE: 0.11869873389637084
R2: 0.8681125178929212
