MSE: 0.11841548198729665
R2: 0.8618486043481539
