MSE: 0.16062294572231395
R2: 0.8164309191744983
