MSE: 0.3705926873387156
R2: 0.6267602220374364
