MSE: 0.14810977251224888
R2: 0.8307316885574298
