MSE: 0.06631201407310475
R2: 0.9276596210111585
