MSE: 0.19245659846418983
R2: 0.7800496017552117
