MSE: 0.6477432683343238
R2: 0.24429952027662238
