MSE: 0.20893811418551697
R2: 0.7562388667835636
