MSE: 0.15081360407428848
R2: 0.8341050355182826
