MSE: 0.29788782916748874
R2: 0.6750314590900124
