MSE: 0.2417670588083201
R2: 0.7236947899333485
