MSE: 0.04761741969003341
R2: 0.9476208383409632
