MSE: 0.11499158007210408
R2: 0.8620101039134751
