MSE: 0.10126128638400161
R2: 0.884272815561141
