MSE: 0.053252503589538154
R2: 0.9419063597205038
