MSE: 0.06919138949569908
R2: 0.9231206783381121
