MSE: 0.10867112978363803
R2: 0.8695946442596343
