MSE: 0.12481635080100559
R2: 0.857352741941708
