MSE: 0.10967047469089115
R2: 0.8683954303709306
