MSE: 0.15720901430475062
R2: 0.8231398589071555
