MSE: 0.20795556510319443
R2: 0.7573851740462731
