MSE: 0.06883092386150519
R2: 0.9225652106558067
