MSE: 0.043777310644166186
R2: 0.9343340340337507
