MSE: 0.6008876712051722
R2: 0.36748666188929247
