Oracle: 86.54427181880885
Random: 27.798706115118375
_PCIe read bandwidth: 17.907416474107265
_PCIe write bandwidth: 66.05846731633005
_Long_Kernel: 55.25376527257097
_ave_Kernel_Length: 13.053214602358006
_long/short_Ratio: 13.053214602358006
_avg_Thread: 13.053214602358006
sm%: 5.1257448638862115
mem%: 55.25376527257097
CPU%: 86.54427181880885
MainMem%: 14.906849221729832
