MSE: 0.15483307882866057
R2: 0.8441931282227315
