MSE: 0.3793458934819802
R2: 0.5574297909376897
