MSE: 0.114732294958051
R2: 0.8725196722688322
