MSE: 0.0588319207457233
R2: 0.9313627591299896
