MSE: 0.16483888692171053
R2: 0.7802148174377193
