MSE: 0.22426286865771705
R2: 0.7308845576107396
