MSE: 0.10888366650944646
R2: 0.8693396001886642
