MSE: 0.1639268687330906
R2: 0.8126550071621822
