MSE: 0.2395418059728242
R2: 0.7338424378079731
