MSE: 0.22214353946339732
R2: 0.7223205756707534
