MSE: 0.06696841207598155
R2: 0.9196379055088222
