MSE: 0.08792462577810155
R2: 0.8974212699255482
