MSE: 0.07545731348575822
R2: 0.9137630703019906
