MSE: 0.21517946949209643
R2: 0.7130940406772047
