MSE: 0.14579187560085446
R2: 0.805610832532194
