MSE: 0.2868163445236411
R2: 0.617578207301812
