MSE: 0.15951594908335207
R2: 0.8138980594027558
