MSE: 0.03513412608782643
R2: 0.9590101862308692
