MSE: 0.29545459592300116
R2: 0.6306817550962485
