MSE: 0.11306706312052744
R2: 0.8707804992908258
