MSE: 0.17964684321656219
R2: 0.8188926133426527
