MSE: 0.13430090983452406
R2: 0.8634228035581111
