MSE: 0.10368000200770469
R2: 0.8894079978584484
