MSE: 0.11789834194174079
R2: 0.8730325548319715
