MSE: 0.11445471686407038
R2: 0.877914968678325
