MSE: 0.15928789454880893
R2: 0.8293343986977046
