MSE: 0.294781091850444
R2: 0.680653817162019
