MSE: 0.07374918402354719
R2: 0.9213342037082164
