MSE: 0.22584286773525217
R2: 0.7536259624706341
