MSE: 0.40872622176681284
R2: 0.5541168489816586
