MSE: 0.3694513593531038
R2: 0.6041592578359603
