MSE: 0.14255011777249857
R2: 0.8464844885526939
