MSE: 0.1822198719762481
R2: 0.7570401706983358
