MSE: 0.16352606578298687
R2: 0.8228467620684309
