MSE: 0.1658056266961992
R2: 0.815771525893112
