MSE: 0.06701248745045812
R2: 0.928520013386178
