MSE: 0.10174414748350234
R2: 0.8880814377681474
