MSE: 0.19238036521151058
R2: 0.7862440386538772
