MSE: 0.1631695072188941
R2: 0.8242789922258064
