MSE: 0.11601672889572762
R2: 0.8743152103629617
