MSE: 0.2811389392392806
R2: 0.672004570887506
