MSE: 0.1373037220441192
R2: 0.8512543011188709
