MSE: 0.40573797527621946
R2: 0.5491800274708672
