MSE: 0.13532971034676136
R2: 0.8636824815485178
