MSE: 0.2420843118981878
R2: 0.7436754344607424
