MSE: 0.09171177368687214
R2: 0.9069193938700402
