Oracle: 153.4338371415334
Random: 55.14202940903245
_PCIe read bandwidth: 82.55580115765295
_PCIe write bandwidth: 82.55580115765295
_Long_Kernel: 66.29335013418137
_ave_Kernel_Length: 83.23503241538363
_long/short_Ratio: 17.833007203005295
_avg_Thread: 114.54701800567207
sm%: 33.77785388767267
mem%: 114.54701800567207
CPU%: 57.583969745024646
MainMem%: 53.38333771318274
