MSE: 0.20215610910124512
R2: 0.795218486884453
