MSE: 0.17600066600375702
R2: 0.822714657602055
