MSE: 0.0791849162132653
R2: 0.9201143323158208
