MSE: 0.11022004999616018
R2: 0.888853731096309
