MSE: 0.15172482098723022
R2: 0.8266002045860227
