MSE: 0.030271246335159024
R2: 0.9659448478729461
