MSE: 0.25481829342900103
R2: 0.7027119909994988
