MSE: 0.3624860395426832
R2: 0.5468924505716459
