MSE: 0.28669450672259894
R2: 0.6814505480860011
