MSE: 0.19317449969825076
R2: 0.7826786878394678
