MSE: 0.24179368412296626
R2: 0.7236643610023243
