MSE: 0.2780082448057164
R2: 0.6822762916506099
