MSE: 0.1702009283314751
R2: 0.805484653335457
