MSE: 0.21892299298003226
R2: 0.7498022937371059
