MSE: 0.2387727409334171
R2: 0.7015340738332286
