MSE: 0.17968504669131713
R2: 0.7978543224722683
