MSE: 0.08053825198845761
R2: 0.9060387060134661
