MSE: 0.29500810783835746
R2: 0.6754910813778069
