MSE: 0.19798922102459343
R2: 0.7525134737192583
