MSE: 0.2107597336947967
R2: 0.747088319566244
