MSE: 0.3667595639256766
R2: 0.559888523289188
