MSE: 0.0973048359061252
R2: 0.8905320596056091
