MSE: 1.5110897820590945
R2: -2.022179564118188
