MSE: 0.17466867272305023
R2: 0.7903975927323397
