MSE: 0.07426472963699694
R2: 0.9251458677468365
