MSE: 0.09816517147635155
R2: 0.8909275872484983
