MSE: 0.04705816008958299
R2: 0.9495805427611611
