MSE: 0.2118298842631506
R2: 0.7689128535311084
