MSE: 0.2866305940600957
R2: 0.6873120792071683
