MSE: 0.1042657529951684
R2: 0.8853076717053148
