MSE: 0.4043028689673921
R2: 0.5379395783229803
