MSE: 0.01854524891452503
R2: 0.9800281934766654
