MSE: 0.0545874898418218
R2: 0.9393472335090869
