MSE: 0.09999207654151668
R2: 0.8888976927316481
