MSE: 0.18299406975530597
R2: 0.7941316715252807
