MSE: 0.09976329557851106
R2: 0.8911673139143516
