MSE: 0.5114493673168903
R2: -0.022898734633780782
