MSE: 0.1494761566906064
R2: 0.8380674969185097
