MSE: 0.3075490016473567
R2: 0.6411928314114174
