MSE: 0.1067982263553963
R2: 0.8834928439759313
