MSE: 0.19774669936175784
R2: 0.7824786307020662
