MSE: 0.07111045386081923
R2: 0.9187309098733495
