MSE: 0.110457913376476
R2: 0.8795004581347534
