MSE: 0.17436117690589967
R2: 0.7675184307921339
