MSE: 0.11922522660165305
R2: 0.8675275259981633
