MSE: 0.061097599626380256
R2: 0.9333480731348579
