MSE: 0.13503154596166425
R2: 0.8636574681552128
