MSE: 0.7570048151307394
R2: 0.13485163985058368
