MSE: 0.1447706633120894
R2: 0.8345478133576121
