MSE: 0.5084596036954694
R2: 0.38984847556543667
