MSE: 0.4761860757383798
R2: 0.4557873420132802
