MSE: 0.6890018369738601
R2: 0.19616452353049685
