MSE: 0.23957753454487585
R2: 0.7261971033772847
