MSE: 0.3938469943427805
R2: 0.5703487334442395
