MSE: 0.5726293217766008
R2: 0.36374519802599914
