MSE: 0.6287384260111804
R2: 0.28144179884436527
