MSE: 0.5543221618477537
R2: 0.3532908111776205
