MSE: 0.7056658269674195
R2: 0.11791771629072556
