MSE: 0.4873627205014934
R2: 0.415164735398208
