MSE: 0.7183726416860436
R2: 0.17900269521595014
