MSE: 0.05131904038080679
R2: 0.9401277862223921
