MSE: 0.975638845320899
R2: -0.1150158232238847
