MSE: 0.8375182932061634
R2: 0.02289532459280952
