MSE: 0.16422612362130062
R2: 0.8123130015756564
