MSE: 0.8487235350277996
R2: -0.1316313800370661
