MSE: 0.43959795884321856
R2: 0.4871357146829117
