MSE: 0.7336264158548611
R2: -0.4672528317097224
