MSE: 0.13324892091435
R2: 0.8445429255999249
