MSE: 0.12112527524796414
R2: 0.8687809518147055
