MSE: 0.25493449918641553
R2: 0.7131986884152826
