MSE: 0.14175102188410096
R2: 0.8298987737390788
