MSE: 0.24492158627078758
R2: 0.7244632154453639
