MSE: 0.021870824459759224
R2: 0.9761409187711718
