MSE: 0.2055074279020276
R2: 0.7431157151224654
