MSE: 0.034739588085603956
R2: 0.9602976136164526
