MSE: 0.16507442004631584
R2: 0.8113435199470675
