MSE: 0.12894771042014844
R2: 0.8567247661998351
