MSE: 0.11174678164226315
R2: 0.8722893924088422
