MSE: 0.24995936577704628
R2: 0.7250446976452491
