MSE: 0.11712744264397615
R2: 0.8682316270255268
