MSE: 0.4999716963901909
R2: 0.3750353795122615
