MSE: 0.23404051845062773
R2: 0.7325251217707112
