MSE: 0.08078434326310487
R2: 0.909117613829007
