MSE: 0.051654017871635184
R2: 0.9418892298944104
