MSE: 0.12687685559127193
R2: 0.8572635374598191
