MSE: 3.657459178280362
R2: -4.4861887674205425
