MSE: 1.1022501565457345
R2: -0.32270018785488186
