MSE: 0.32438996149940164
R2: 0.6575883739728539
