MSE: 0.3994452696821151
R2: 0.533980518704199
