MSE: 0.4127229310561242
R2: 0.5356867025618604
