MSE: 0.31608380042565
R2: 0.6575758828722125
