MSE: 0.3887447015233513
R2: 0.55572034111617
