MSE: 0.42217066943288595
R2: 0.5175192349338447
