MSE: 0.6320117093389179
R2: 0.20998536332635243
