MSE: 0.40860111278791256
R2: 0.5403237481135982
