MSE: 0.2418596660921075
R2: 0.7361530915358827
