MSE: 0.33576947257034817
R2: 0.5970766329155822
