MSE: 0.4732782397087929
R2: 0.4741352892124524
