MSE: 1.4907958680929967
R2: -0.8634948351162455
