MSE: 0.7749906209141677
R2: 0.14751031699441575
