MSE: 0.4768674658707919
R2: 0.4550086104333807
