MSE: 0.430216275268988
R2: 0.5160066903223884
