MSE: 0.2514185473585046
R2: 0.7171541342216823
