MSE: 0.6413451921420045
R2: 0.2670340661234235
