MSE: 0.7425833890881733
R2: 0.10889993309419188
