MSE: 0.5103857275811503
R2: 0.4258160564712059
