MSE: 0.41465276107183496
R2: 0.5335156437941857
