MSE: 0.4382703203285138
R2: 0.3425945195072293
