MSE: 0.20495724224352588
R2: 0.7608832173825532
