MSE: 0.08445081022969345
R2: 0.9034847883089218
