MSE: 0.049261111823150794
R2: 0.9425287028729907
