MSE: 0.0950120403794922
R2: 0.8859855515446095
