MSE: 0.19150987131163227
R2: 0.7811315756438488
