MSE: 0.10535915886462258
R2: 0.8829342679281971
