MSE: 0.22073415143012248
R2: 0.7516740796411123
