MSE: 0.2504748775838799
R2: 0.6994301468993442
