MSE: 0.11951082853826533
R2: 0.8506114643271683
