MSE: 0.10480331688989504
R2: 0.882096268498868
