MSE: 0.052164100670026727
R2: 0.9217538489949599
