MSE: 0.05133249007689293
R2: 0.9429638999145634
