MSE: 0.11731169013160705
R2: 0.8533603873354911
