MSE: 0.2422548200699097
R2: 0.7231373484915318
