MSE: 0.15969115765901
R2: 0.8136936493978217
