MSE: 0.08813873554387654
R2: 0.882481685941498
