MSE: 0.06894759261372857
R2: 0.91956114195065
