MSE: 0.2524961942663996
R2: 0.6843797571670005
