MSE: 0.04145826129353606
R2: 0.9481771733830799
