MSE: 0.1306218620428105
R2: 0.8682804752509474
