MSE: 0.4377775387482935
R2: 0.5330372920018203
