MSE: 0.5881112845517505
R2: 0.369880766551696
