MSE: 0.2871058690207902
R2: 0.6937537397111571
