MSE: 0.6885403972932549
R2: 0.2584949567611101
