MSE: 0.3868308256980974
R2: 0.5855384010377527
