MSE: 0.3766198066535382
R2: 0.6012260870727242
