MSE: 0.4294037142192908
R2: 0.5348126429291016
