MSE: 0.4432700790760097
R2: 0.5197907476676562
