MSE: 0.5664384871534334
R2: 0.3931016209070357
