MSE: 0.5875554220091811
R2: 0.3704763335615916
