MSE: 0.7210442044137516
R2: 0.09869474448281046
