MSE: 0.4264383950358728
R2: 0.543101719604422
