MSE: 0.49439846373672974
R2: 0.47264163868082165
