MSE: 0.3382397307951015
R2: 0.6392109538185584
