MSE: 0.5310383743943414
R2: 0.41585778816622443
