MSE: 0.8401149938498023
R2: 0.08987542332938125
