MSE: 0.9239825686448898
R2: -0.055980078451302706
