MSE: 0.4478935154228818
R2: 0.5201140906183409
