MSE: 0.20120320717672804
R2: 0.7844251351677913
