MSE: 0.5820142421722687
R2: 0.3732154315067874
