MSE: 0.8328200776477848
R2: 0.07464435816912784
