MSE: 0.15214997432014268
R2: 0.8453557638057566
