MSE: 0.13704009271748158
R2: 0.8614703410573284
