MSE: 0.14815279061033096
R2: 0.8222166512676028
