MSE: 0.31982801880439227
R2: 0.5735626415941436
