MSE: 0.21677751123547914
R2: 0.7470929035586078
