MSE: 0.6435537434088509
R2: 0.034669384886723664
