MSE: 0.18562906277233682
R2: 0.7878524996887579
