MSE: 0.700707273910771
R2: 0.1591512713070744
