MSE: 0.07761170109433023
R2: 0.9068659586868038
