MSE: 0.12206722200408016
R2: 0.8474159724948997
