MSE: 0.193175718320312
R2: 0.7746283286263026
