MSE: 0.779141217286385
R2: -0.5582824345727695
