MSE: 0.1063622142705062
R2: 0.8759107500177428
