MSE: 0.12238908357487001
R2: 0.853133099710156
