MSE: 0.46735743441650207
R2: 0.2989638483752469
