MSE: 0.1736681329606755
R2: 0.7915982404471895
