MSE: 0.46489933794895055
R2: 0.4421207944612593
