MSE: 0.11884844938328228
R2: 0.8217273259250766
