MSE: 0.14241725266639463
R2: 0.8219784341670068
