MSE: 0.16719461658687199
R2: 0.8049396139819827
