MSE: 0.12775643418531152
R2: 0.8509508267838033
