MSE: 0.23934685868078723
R2: 0.7595133943731138
