Oracle: 143.52698820192515
Random: 56.582452318546316
_Threads: 126.68306037425506
_Compute (SM) Throughput: 143.52698820192515
_DRAM Throughput: 126.68306037425506
_Memory Throughput: 126.68306037425506
_Registers: 126.68306037425506
_Static Shared Memory: 20.667203601660972
exclusive_throughput: 96.83868579758757
sm%: 28.546911580689226
mem%: 126.68306037425506
memcap: 90.97808628222329
