MSE: 0.023678606712977397
R2: 0.9747428195061575
