MSE: 0.10340284958554592
R2: 0.8862568654558994
