MSE: 0.09020200836804564
R2: 0.9022811576012839
