MSE: 0.17702266262450933
R2: 0.8082254488234482
