MSE: 0.023179031590539856
R2: 0.9753722789350514
