MSE: 0.1782513174523757
R2: 0.8019429806084715
