MSE: 0.03929425206584725
R2: 0.9567763227275681
