MSE: 0.15672229426561382
R2: 0.8290302244375122
