MSE: 0.0837933527648975
R2: 0.9068962747056695
