MSE: 0.10561275355629442
R2: 0.884786087029497
