MSE: 0.07699013497114376
R2: 0.8845147975432843
