MSE: 0.09557716748567252
R2: 0.8964580685571881
