MSE: 0.07985612958457809
R2: 0.9128842222713693
