MSE: 0.09756638425967973
R2: 0.8954645882932003
