MSE: 0.2137903294892484
R2: 0.7594858793245955
