MSE: 0.09618480150102172
R2: 0.8957997983738931
