MSE: 0.04953352809060251
R2: 0.945963423901161
