MSE: 0.24094320404277908
R2: 0.734962475552943
