MSE: 0.04433816419399209
R2: 0.9408824477413439
