MSE: 0.055434369290121466
R2: 0.9376363345486134
