MSE: 0.11881581206579132
R2: 0.8703827504736823
