MSE: 0.048866871098158404
R2: 0.9504815706205328
