MSE: 0.06265558267677629
R2: 0.9269018202104277
