MSE: 0.18314106822534224
R2: 0.755811909032877
