MSE: 0.17430574180624953
R2: 0.7966433012260423
