MSE: 0.38931575423150605
R2: 0.5457982867299096
