MSE: 0.15261430690869063
R2: 0.8219499752731942
