MSE: 0.21812328854025703
R2: 0.7273458893246788
