MSE: 0.09905820313284656
R2: 0.8811301562405841
