MSE: 0.11559823391791399
R2: 0.8715575178689845
