MSE: 0.03717718346271408
R2: 0.9575117903283268
