MSE: 0.10467254761971855
R2: 0.8778820277769951
