MSE: 0.030110203593124007
R2: 0.9598530618758346
