MSE: 0.057611792307030375
R2: 0.9308658492315636
