MSE: 0.1424908727754668
R2: 0.8218864090306666
