MSE: 0.22381108440448574
R2: 0.7314266987146172
