MSE: 0.06668927768801701
R2: 0.8999660834679745
