MSE: 0.19228487986248524
R2: 0.7692581441650177
