MSE: 0.07085145723065137
R2: 0.9173399665642401
