MSE: 0.3568367562775701
R2: 0.5836904510095016
