MSE: 0.048629888036738726
R2: 0.9432651306238048
