MSE: 0.04555934037388376
R2: 0.9509360949819713
