MSE: 0.1226878672567133
R2: 0.8678746044927703
