MSE: 0.09703736546002276
R2: 0.8964934768426425
