MSE: 0.13091025043019883
R2: 0.8597390173962156
