MSE: 0.286586313508828
R2: 0.6913685854520313
