MSE: 0.47639556301316965
R2: 0.47067159665203384
