MSE: 0.13995196170871635
R2: 0.8473251326814003
