MSE: 0.10140691508347154
R2: 0.8926279722645596
