MSE: 0.3455917368828268
R2: 0.625608951710271
