MSE: 0.20774089499500117
R2: 0.723012140006665
