MSE: 0.12642200752752544
R2: 0.8638532226626648
