MSE: 0.045787364804050476
R2: 0.9506905302110226
