MSE: 0.054589320812319486
R2: 0.9415114419868005
