MSE: 0.17638998122383248
R2: 0.8089108536741815
