MSE: 0.2071436731328044
R2: 0.7698403631857729
