MSE: 0.23317045730450434
R2: 0.745632228395086
