MSE: 0.19421590991646
R2: 0.7842045445372666
