MSE: 0.19583987378785464
R2: 0.7901715637987272
