MSE: 0.12873477888253326
R2: 0.8605373228772556
