MSE: 0.17798429333010438
R2: 0.7923516577815448
