MSE: 0.12414574733076905
R2: 0.8655087737250002
