MSE: 0.3357451280660642
R2: 0.6306803591273294
