MSE: 0.8125680959629616
R2: 0.024918284844446248
