MSE: 0.5465375979362539
R2: 0.375385602358567
