MSE: 0.5271884337958407
R2: 0.3673738794449909
