MSE: 0.5350009584738589
R2: 0.33124880190767636
