MSE: 0.12121340609306903
R2: 0.8653184376743678
