MSE: 0.2369574339757826
R2: 0.6445638490363261
