MSE: 0.2181754693210696
R2: 0.7506566064902063
