MSE: 0.2555853522437472
R2: 0.7018170890489617
