MSE: 0.23905725201293335
R2: 0.73106059148545
