MSE: 0.7422440889952077
R2: 0.16497539988039112
