MSE: 0.4049461740824228
R2: 0.5140645911010926
