MSE: 0.6325735578623946
R2: 0.1565685895168073
