MSE: 0.4269683660866931
R2: 0.5018702395655246
