MSE: 1.6712493004264024
R2: -2.342498600852804
