MSE: 0.8962133165937713
R2: -0.12026664574221457
