MSE: 0.36877888182305907
R2: 0.5785384207736468
