MSE: 0.5489843948287334
R2: 0.372589263052876
