MSE: 0.629712208565608
R2: 0.26533575667345766
