MSE: 0.7707330091090009
R2: 0.10081148937283224
