MSE: 0.1476428145109813
R2: 0.8359524283211319
