Oracle: 117.77324903484184
Random: 79.06830436167643
_Threads: 103.33003069368456
_Compute (SM) Throughput: 116.36844435436294
_DRAM Throughput: 103.33003069368456
_Memory Throughput: 103.33003069368456
_Registers: 103.33003069368456
_Static Shared Memory: 103.33003069368456
exclusive_throughput: 84.29382476601725
sm%: 48.62322509300998
mem%: 103.33003069368456
memcap: 78.7354815132593
