MSE: 0.1534692498480262
R2: 0.8369389220364721
