MSE: 0.08948895512979411
R2: 0.9052469886861003
