MSE: 0.1509473593358663
R2: 0.8353301534517822
