MSE: 0.13105176711075175
R2: 0.8588673277268828
