MSE: 0.18308364129547725
R2: 0.8028330016817937
