MSE: 0.08072940483699308
R2: 0.9125431447599242
