MSE: 0.21462538425972097
R2: 0.7658632171712135
