MSE: 0.10967005259186122
R2: 0.8838787678439116
