MSE: 0.16420406912752045
R2: 0.8231648486319011
