MSE: 0.07783396558454216
R2: 0.9143826378570036
