MSE: 0.11358897766928319
R2: 0.8776734086638489
