MSE: 0.10093037530116311
R2: 0.8923409330120927
