MSE: 0.16917691803852583
R2: 0.7744307759486322
