MSE: 0.1142216002109701
R2: 0.8769921228497245
