MSE: 0.09252597227155812
R2: 0.8959082811944972
