MSE: 0.09587438203605768
R2: 0.8967506654996302
