MSE: 0.13378474360525142
R2: 0.8559241222712678
