MSE: 0.3025644728770152
R2: 0.669929665952347
