MSE: 0.11297633587830586
R2: 0.8776089694651686
