MSE: 0.3269377438990883
R2: 0.6076747073210942
