MSE: 0.11606400152751886
R2: 0.8710399983027568
