MSE: 0.11889515926613399
R2: 0.8702961898914903
