MSE: 0.059507373123977476
R2: 0.9395170961690721
