Oracle: 116.92783139165773
Random: 51.81676811027714
_Threads: 82.86078475622352
_Compute (SM) Throughput: 116.92783139165773
_DRAM Throughput: 82.86078475622352
_Memory Throughput: 82.86078475622352
_Registers: 82.86078475622352
_Static Shared Memory: 37.26204346561259
exclusive_throughput: 94.84305987718233
sm%: 29.653417663158393
mem%: 82.86078475622352
memcap: 71.04334615380554
