MSE: 0.5982165183063832
R2: 0.35905373038601796
