MSE: 0.8519627577251564
R2: 0.0871827595801895
