MSE: 0.6241134085828425
R2: 0.3391740379711079
