MSE: 0.8341451941266278
R2: 0.11024512626493033
