MSE: 0.7947469246627686
R2: 0.1484854378613195
