MSE: 0.4800102869322186
R2: 0.48998907013451776
