MSE: 0.5043892411632588
R2: 0.4568115864395673
