MSE: 0.6443641959530629
R2: 0.2911993844516306
