MSE: 0.676147131981138
R2: 0.27184155017415956
