MSE: 0.5592757021047767
R2: 0.4007760334591677
