MSE: 0.4941161270684185
R2: 0.4750016149898054
