MSE: 0.6838112632508123
R2: 0.2673450750884152
