MSE: 0.5496107497806714
R2: 0.3129865627741608
