MSE: 0.6449293463876368
R2: 0.29057771897359974
