MSE: 0.9936004073976139
R2: -0.06457186506887203
