MSE: 0.7934464309283296
R2: 0.09320407893905192
