MSE: 0.9033917321500284
R2: 0.021325623504135915
