MSE: 1.042807121562448
R2: -0.12970771502598577
