MSE: 0.4676559659057585
R2: 0.49894003652954455
