MSE: 0.47504121393615595
R2: 0.49102727078269004
