MSE: 1.0589483865162155
R2: -0.16484322516783712
