MSE: 7.675054836114802e+26
R2: -7.742379878536862e+26
