Oracle: 160.8224822358894
Random: 77.99096454924057
_Threads: 92.95308256742584
_Compute (SM) Throughput: 106.7078449163537
_DRAM Throughput: 160.8224822358894
_Memory Throughput: 78.48211061299526
_Registers: 92.95308256742584
_Static Shared Memory: 74.6913095046888
exclusive_throughput: 101.20956976351714
sm%: 52.34154609317178
mem%: 84.87400111062264
memcap: 97.98684028748853
