MSE: 0.2970159335207544
R2: 0.6831830042445287
