MSE: 0.07904155522570747
R2: 0.912176049749214
