MSE: 0.06270062746644219
R2: 0.9283421400383518
