MSE: 0.07105477560731352
R2: 0.9224856993374762
