MSE: 0.40962478827461146
R2: 0.5448613463615429
