MSE: 0.06440554331856266
R2: 0.9297394072888407
