MSE: 0.18279078277036548
R2: 0.7943603693833388
