MSE: 0.1273451928864071
R2: 0.8610779713966468
