MSE: 0.21842875015013824
R2: 0.7503671426855563
