MSE: 0.2782339074596143
R2: 0.6964721009531482
