MSE: 0.09680261555011065
R2: 0.8924415382776548
