MSE: 0.10997318955118987
R2: 0.8716979455236118
