MSE: 0.13367088812693265
R2: 0.8514767909700748
