MSE: 0.11388274192527471
R2: 0.8757642815360639
