MSE: 0.10497227568614753
R2: 0.8845304967452376
