MSE: 0.07171217935373278
R2: 0.9163357907539784
