MSE: 0.4338766033311917
R2: 0.4214978622250777
