MSE: 0.1613900142585493
R2: 0.8206777619349452
