MSE: 0.22016039491641912
R2: 0.7523195557190285
