MSE: 0.06275700105946282
R2: 0.930967298834591
