MSE: 0.11687123055430963
R2: 0.8636502310199721
