MSE: 0.3124640511028713
R2: 0.6614972779718893
