MSE: 0.23592173585354692
R2: 0.7502005149785974
