MSE: 0.34903449895171795
R2: 0.6260344654088736
