MSE: 0.2897618936193989
R2: 0.6879487299483396
