MSE: 0.33170823207397215
R2: 0.644598322777887
