MSE: 0.30286861782667485
R2: 0.6793155811246971
