MSE: 0.3006465494432527
R2: 0.6793103472605304
