MSE: 0.3437591040487365
R2: 0.6275943039472021
