MSE: 0.3071381343906026
R2: 0.6723859899833572
