MSE: 0.3138847498559299
R2: 0.6468796564120789
