MSE: 0.2162955387651259
R2: 0.768254779894508
