MSE: 0.2873172054172759
R2: 0.6957817824993551
