MSE: 0.2858099820858358
R2: 0.6951360191084418
