MSE: 0.2021600642261826
R2: 0.7843625981587385
