MSE: 0.1368903340639313
R2: 0.8288870824200858
