MSE: 0.4971078657868896
R2: 0.46146647873086966
