MSE: 0.4073493174634373
R2: 0.5556189264035232
