MSE: 0.22963255984502157
R2: 0.7527033970899768
