MSE: 0.2845660902108625
R2: 0.6951077604883618
