MSE: 0.3190860940343064
R2: 0.649005296562263
