MSE: 0.4563892199482261
R2: 0.4784123200591701
