MSE: 0.09132876516417579
R2: 0.908384937766344
