MSE: 0.0775178333084503
R2: 0.9114081905046282
