MSE: 0.1029426363802005
R2: 0.862743151493066
