MSE: 0.09344786898406167
R2: 0.887862557219126
