MSE: 0.33678439954869993
R2: 0.5790195005641252
