MSE: 0.2140187462414661
R2: 0.7554071471526101
