MSE: 0.11685965806535563
R2: 0.8597684103215733
