MSE: 0.07874991477639022
R2: 0.911406345876561
