MSE: 0.1356424526964191
R2: 0.8304469341294761
