MSE: 0.1616246037436277
R2: 0.7979692453204654
