MSE: 0.039082525411562215
R2: 0.9560321589119926
