MSE: 0.1727852293623961
R2: 0.802531166442976
