MSE: 0.04936542837089101
R2: 0.9259518574436635
