MSE: 0.04434293199931276
R2: 0.940876090667583
