MSE: 0.12011585696391747
R2: 0.8558609716432991
