MSE: 0.06954540641336512
R2: 0.9072727914488465
