MSE: 0.13533130786978828
R2: 0.8421134741519136
