MSE: 0.08805068350903479
R2: 0.8825990886546203
