MSE: 0.18249203926814833
R2: 0.7566772809758021
