MSE: 0.009195046284420508
R2: 0.9862074305733692
