MSE: 0.34559355581414825
R2: 0.5968075182168271
