MSE: 0.4354201271342185
R2: 0.5023769975608932
