MSE: 0.6817727230282403
R2: 0.20459848980038642
