MSE: 0.968767604428397
R2: -0.21095950553549625
