MSE: 0.21466969826466792
R2: 0.7584965894522486
