MSE: 0.7999112867817608
R2: 0.08581567224941644
