MSE: 0.4208765214011786
R2: 0.532359420665357
