MSE: 0.4325297783728879
R2: 0.4809642659525346
