MSE: 0.9219845873128195
R2: -0.10638150477538333
