MSE: 0.23740527449497323
R2: 0.7362163616722519
