MSE: 0.5138255566425798
R2: 0.22926166503613032
