MSE: 0.2201121329092059
R2: 0.7484432766751932
