MSE: 0.4868598212939424
R2: 0.3914252233825719
