MSE: 0.45918875885669663
R2: 0.4834126462862163
