MSE: 0.6285980011262043
R2: 0.26663566535276173
