MSE: 0.09199301525305151
R2: 0.8926748155381066
