MSE: 0.6006873217945108
R2: 0.19908357094065243
