MSE: 0.3456708977586416
R2: 0.567911377801698
