MSE: 0.5583881598605169
R2: 0.3020148001743539
