MSE: 0.1737507659424037
R2: 0.817104456902733
