Oracle: 110.30660305127734
Random: 59.559014398259976
_Threads: 92.85135889165612
_Compute (SM) Throughput: 108.30893555743594
_DRAM Throughput: 92.85135889165612
_Memory Throughput: 92.85135889165612
_Registers: 45.2208305089443
_Static Shared Memory: 17.655807374349386
exclusive_throughput: 110.25795248229106
sm%: 42.721942389422324
mem%: 92.85135889165612
memcap: 103.26418899374838
