MSE: 0.08453886182668988
R2: 0.9033841579123545
