MSE: 0.06078169891582117
R2: 0.9324647789824209
