MSE: 0.011937004254797073
R2: 0.9869778135402214
