MSE: 0.14495272400654777
R2: 0.8343397439925168
