MSE: 0.1048756967520129
R2: 0.8855901489978042
