MSE: 0.18192303944833965
R2: 0.7953365806206179
