MSE: 0.04647973500181399
R2: 0.9492948345434756
