MSE: 0.22756670661805303
R2: 0.7471481037577189
