MSE: 0.19673527032630592
R2: 0.7853797050985754
