MSE: 0.14938182039156891
R2: 0.8370380141182884
