MSE: 0.055175750391939046
R2: 0.9386936106756233
