MSE: 0.11982438010081625
R2: 0.8681931818891021
