MSE: 0.10171716990549165
R2: 0.8869809223272315
