MSE: 0.11851767259193528
R2: 0.8617293819760755
