MSE: 0.2488440495655716
R2: 0.7200504442387319
