MSE: 0.056208258935681765
R2: 0.9344236979083713
