MSE: 0.29101784256368585
R2: 0.6119762099150856
