MSE: 0.16341598734526586
R2: 0.8093480147638565
