MSE: 0.12677360413065264
R2: 0.8591404398548304
