MSE: 0.0616160475348957
R2: 0.9322223477116147
