MSE: 0.7702905404357364
R2: 0.21179572606575803
