MSE: 0.28176624242051124
R2: 0.7146213698561489
