Oracle: 116.92783139165775
Random: 51.81676811027713
_PCIe read bandwidth: 94.84305987718233
_PCIe write bandwidth: 94.84305987718233
_Long_Kernel: 82.86078475622352
_ave_Kernel_Length: 82.86078475622352
_long/short_Ratio: 33.26172407284967
_avg_Thread: 82.86078475622352
sm%: 29.653417663158393
mem%: 82.86078475622352
CPU%: 94.84305987718233
MainMem%: 71.04334615380554
