MSE: 0.242497359711425
R2: 0.7543533239286863
