MSE: 0.07451795169467908
R2: 0.9148366266346525
