MSE: 0.2443644256760852
R2: 0.7149081700445672
