MSE: 0.08843026016490368
R2: 0.9005159573144834
