MSE: 0.17220820365094916
R2: 0.8105709759839559
