MSE: 0.468927137040224
R2: 0.437287435551731
