MSE: 0.05336566548667854
R2: 0.9417829103781689
