MSE: 0.11390074565838147
R2: 0.8718616611343208
