MSE: 0.423128322680003
R2: 0.5164247740799965
