MSE: 0.31150777585010575
R2: 0.63657426150821
