MSE: 0.0963981982173709
R2: 0.8928908908695878
