MSE: 0.07297761024416986
R2: 0.9148594547151352
