MSE: 0.2593045784826919
R2: 0.7082823492069716
