MSE: 0.19470767546808734
R2: 0.7858215569851039
