MSE: 0.030518285951541647
R2: 0.9618521425605729
