MSE: 0.0711719648778206
R2: 0.916966040975876
