MSE: 1.1319732365319644
R2: -1.2639464730639283
