MSE: 0.25652183958384983
R2: 0.6793477005201878
