MSE: 0.21329076428269067
R2: 0.7333865446466368
