MSE: 0.14249794614603603
R2: 0.8371452044045302
