MSE: 0.1081660537433096
R2: 0.8702007355080285
