MSE: 0.11960501600307684
R2: 0.8786098345043399
