MSE: 0.14243344348963244
R2: 0.8561563243966088
