MSE: 0.11146109465122941
R2: 0.8881394032174041
