MSE: 0.18070217512708814
R2: 0.8146644357670891
