MSE: 0.19195910188253745
R2: 0.7920443062939178
