MSE: 0.1398269583427092
R2: 0.8591742776691286
