MSE: 0.709892155855303
R2: 0.2355007552327506
