MSE: 0.5089011677774768
R2: 0.45195258854733256
