MSE: 0.7017758468472299
R2: 0.23974283258216755
