MSE: 0.7621241627891593
R2: 0.1531953746787117
