MSE: 0.5960313339773791
R2: 0.33774296224735656
