MSE: 0.5299215938520885
R2: 0.4347502998911057
