MSE: 0.41792149086322367
R2: 0.5472517182315078
