MSE: 0.8028600793043309
R2: 0.09678241078262795
