MSE: 0.6069090977945302
R2: 0.3323999924260169
