MSE: 0.5790682532233625
R2: 0.13139762016495604
