MSE: 0.6378070447764889
R2: 0.28246707462644993
