MSE: 0.5233199149703605
R2: 0.4330700921154428
