MSE: 0.4049178652196667
R2: 0.5582714197603637
