MSE: 0.686087586451504
R2: 0.25673844801087065
