MSE: 0.4685917423840427
R2: 0.4953627389710309
