MSE: 0.8036052637675867
R2: 0.11603420985565449
