MSE: 0.44446441838746753
R2: 0.5184968800802434
