MSE: 0.47814656072348444
R2: 0.47838557011983496
