MSE: 0.6268814676447381
R2: 0.2477422388263143
