MSE: 0.5062427841444347
R2: 0.4093834184981593
