MSE: 0.5620344795541541
R2: 0.3677112105015766
