MSE: 0.08688196267896499
R2: 0.9121736681614812
