MSE: 0.46659233694793656
R2: 0.49452496830640225
