MSE: 7.215636988227874e+26
R2: -7.249834319925636e+26
