Oracle: 194.35679338447528
Random: 84.32346559268858
_Threads: 124.150714109119
_Compute (SM) Throughput: 194.35679338447528
_DRAM Throughput: 127.37860527078462
_Memory Throughput: 97.05560430590512
_Registers: 124.150714109119
_Static Shared Memory: 44.06779637846532
exclusive_throughput: 108.25133499898311
sm%: 68.09899997309317
mem%: 100.20626746796125
memcap: 106.76269356725322
