MSE: 0.10256538088746016
R2: 0.8901085204777213
