MSE: 0.06529597086068559
R2: 0.930040031220694
