MSE: 0.09099565430279512
R2: 0.9020046799816053
