MSE: 0.24724654434908097
R2: 0.7280288012160109
