MSE: 0.2248547248085276
R2: 0.7547039365725154
