MSE: 0.21776373324354067
R2: 0.7666817143819207
