MSE: 0.18357410192674584
R2: 0.8011280562460253
