MSE: 0.05971112169101584
R2: 0.9365569332032957
