MSE: 0.0934835194208134
R2: 0.8971681286371053
