MSE: 0.1077435073128713
R2: 0.8850735921996039
