MSE: 0.04980793210843075
R2: 0.9460414068825334
