MSE: 0.12018183776735179
R2: 0.871233745249266
