MSE: 0.06623618447849776
R2: 0.9286687244077717
