MSE: 0.4839215709220827
R2: 0.3547712387705563
