MSE: 0.11429959596292241
R2: 0.8730004489300862
