MSE: 0.10952034276678023
R2: 0.8805232624362397
