MSE: 0.08454963389258845
R2: 0.9060559623415684
