MSE: 0.3537940398404252
R2: 0.614042865628627
