MSE: 0.3706067251664962
R2: 0.5676254873057545
