MSE: 0.07189414513901399
R2: 0.9201176165122067
