MSE: 0.09051425794690489
R2: 0.9025231068264101
