MSE: 0.07776055583691249
R2: 0.9166851187461652
