MSE: 0.11762472919338197
R2: 0.8725732100405029
