MSE: 0.16781282440725495
R2: 0.819278496792187
