MSE: 0.31621433069154375
R2: 0.6627047139290201
