MSE: 0.32140333980654395
R2: 0.6518130485429108
