MSE: 0.15610316259770982
R2: 0.8318889018178509
