MSE: 0.1767986813131179
R2: 0.8096014201243344
