MSE: 0.17602438358604716
R2: 0.801972568465697
