MSE: 0.08500306094163088
R2: 0.9084582420628591
