MSE: 0.111679803389108
R2: 0.8803430677973842
