MSE: 0.14027418887632473
R2: 0.8129677481649004
