MSE: 0.18980064816755043
R2: 0.7966421626776244
