MSE: 0.11353551179900893
R2: 0.8788954540810572
