MSE: 0.08714323046717544
R2: 0.9031741883698051
