MSE: 0.19508026091146582
R2: 0.7899135651722675
