MSE: 0.12163525091671885
R2: 0.8690081913204567
