MSE: 0.5270679427362158
R2: 0.3850874001410818
