MSE: 0.11056328339204516
R2: 0.8809318486547206
