MSE: 0.3854678186067626
R2: 0.5794896524289863
