MSE: 0.10533141963175895
R2: 0.8858909620655945
