MSE: 0.14158252658244697
R2: 0.8426860815750589
