MSE: 0.10744048317084373
R2: 0.8918837905199056
