MSE: 0.41722406737130585
R2: 0.5816137485970192
