MSE: 0.1968852733567014
R2: 0.8007136867243144
