MSE: 0.17297987479862256
R2: 0.8112946820378663
