MSE: 0.15643274116783557
R2: 0.8261858431468494
