MSE: 0.0994762540203685
R2: 0.8934182992638909
