MSE: 0.150427693149145
R2: 0.8280826364009771
