MSE: 0.15414119366572304
R2: 0.8287320070380855
