MSE: 0.20800933302816071
R2: 0.7711897336690232
