MSE: 0.06674267310730544
R2: 0.9258414743252162
