MSE: 0.07981138190320958
R2: 0.9140492810273128
