MSE: 0.19037442015994135
R2: 0.7923188143709731
