MSE: 0.1534663695780166
R2: 0.8325821422785273
