MSE: 0.08669567758644381
R2: 0.9024673627152506
