MSE: 0.12946906296194663
R2: 0.8597418484578911
