MSE: 0.3097571096456306
R2: 0.38048578070873873
