MSE: 0.18779661223982144
R2: 0.780903952386875
