MSE: 0.06160633377287043
R2: 0.9327930904295959
