MSE: 0.4363249885786293
R2: 0.5151944571348565
