MSE: 0.21211110603527944
R2: 0.7171851919529608
