MSE: 0.08232749315826166
R2: 0.9094397575259121
