MSE: 0.1781069212014501
R2: 0.7964492329126285
