MSE: 0.07599838638351357
R2: 0.9170926693998034
