MSE: 0.08949538858753354
R2: 0.902368666995418
