MSE: 0.11669763489442228
R2: 0.8735775621977092
