MSE: 0.10054844010922295
R2: 0.8917170644977599
