MSE: 0.1007189083409076
R2: 0.8915334833251765
