MSE: 0.2148699643983919
R2: 0.7672242052350754
