MSE: 0.4950107738348517
R2: 0.4431128794357919
