MSE: 0.051237128988013074
R2: 0.9453470624127861
