MSE: 0.22535444544116404
R2: 0.7521101100147196
