MSE: 0.2979080376421891
R2: 0.6689910692864565
