MSE: 0.2516341410068496
R2: 0.7204065099923893
