MSE: 0.13840252613121984
R2: 0.8442971581023777
