MSE: 0.48396592706501806
R2: 0.2740511094024728
