MSE: 0.06249747408597688
R2: 0.9326950279074095
