MSE: 0.10137797495685678
R2: 0.8901738604634052
