MSE: 0.16622299476365163
R2: 0.8199250890060441
