MSE: 0.0965400555012132
R2: 0.8946835758168583
