MSE: 0.3290464334856337
R2: 0.6380489231658029
