MSE: 0.0760957073298183
R2: 0.9112216747818787
