MSE: 0.43462676939304473
R2: 0.4784478767283463
