MSE: 0.15619518993919107
R2: 0.8296052473390643
