MSE: 0.14339060195864733
R2: 0.8446601812114654
