MSE: 0.11856824181427633
R2: 0.8666107279589391
