MSE: 0.18724268839832214
R2: 0.8112593700944912
