MSE: 0.3322734158342138
R2: 0.6344992425823648
