MSE: 0.11069030520614595
R2: 0.8807950559318428
