MSE: 0.23273841592299516
R2: 0.7381692820866305
