MSE: 0.2921289831701277
R2: 0.6713548939336063
