MSE: 0.1613228430642734
R2: 0.8156310364979733
