MSE: 0.08703764117941167
R2: 0.9050498459860964
