MSE: 0.3325292741391152
R2: 0.6342177984469732
