MSE: 0.21358932053740956
R2: 0.7508124593730222
