MSE: 0.2522884846544114
R2: 0.7161754547637871
