MSE: 0.3590192004290635
R2: 0.6083426904410216
