MSE: 0.1728434515716649
R2: 0.8114435073763655
