MSE: 0.1071190539361187
R2: 0.8775782240730072
