MSE: 0.8747587515000319
R2: -0.04971050180003811
