MSE: 0.0962445451758887
R2: 0.8941310003065225
