MSE: 0.0878288176390613
R2: 0.882894909814585
