MSE: 0.3901145922587168
R2: 0.5541547517043237
