MSE: 0.1384240529322583
R2: 0.8461954967419352
