MSE: 0.27858025654177804
R2: 0.6749897007012591
