MSE: 0.21479456073650277
R2: 0.763725983189847
