MSE: 0.18952152361217595
R2: 0.7894205293198046
