MSE: 0.11798659002339214
R2: 0.8803747073373941
