MSE: 0.3238708996536383
R2: 0.6558871691180093
