MSE: 0.31123217370662076
R2: 0.6704600513694605
