MSE: 0.43508411207064335
R2: 0.5338384513528822
