MSE: 0.34788769618668625
R2: 0.6289197907342013
