MSE: 0.35823883049896005
R2: 0.6218590122510979
