MSE: 0.32463596547588014
R2: 0.6483110374011298
