MSE: 0.35301933035731076
R2: 0.6249169614953571
