MSE: 0.44323916903642124
R2: 0.5198242335438772
