MSE: 0.3858535997960368
R2: 0.5844653540658066
