MSE: 0.25503108246933065
R2: 0.7290294748763362
