MSE: 0.35386426033961216
R2: 0.6189154119419562
