MSE: 0.24891402385911066
R2: 0.7261945737549782
