MSE: 0.457111873153171
R2: 0.497176939531512
