MSE: 0.2386457964439373
R2: 0.7016927544450784
