MSE: 0.21340072465187734
R2: 0.7701838349902859
