MSE: 0.30390547013732716
R2: 0.6526794627001975
