MSE: 0.4137164446364485
R2: 0.5544592134684403
