MSE: 0.6029435662288946
R2: 0.33676207714821604
