MSE: 0.18130300697035942
R2: 0.8035884091154439
