MSE: 0.2640271423529101
R2: 0.7171137760504536
