MSE: 0.5615445009125838
R2: 0.3916601240113676
