Oracle: 153.87321518225986
Random: 84.44675522976478
_Threads: 153.87321518225986
_Compute (SM) Throughput: 105.57546484385634
_DRAM Throughput: 153.87321518225986
_Memory Throughput: 153.87321518225986
_Registers: 153.87321518225986
_Static Shared Memory: 39.03253135477921
exclusive_throughput: 107.72396008356401
sm%: 71.79940683061841
mem%: 153.87321518225986
memcap: 105.1096863102337
