MSE: 0.1752893323999574
R2: 0.8112268728000458
