MSE: 0.19377078441416376
R2: 0.7933111632915587
