MSE: 0.20686656931160075
R2: 0.77722061766443
