MSE: 0.27847488482986477
R2: 0.6962092165492384
