MSE: 0.36808088113916154
R2: 0.6012457120992416
