MSE: 0.21280715494607275
R2: 0.774674777115923
