MSE: 0.19669401286988536
R2: 0.7892564147822657
