MSE: 0.31942251732145766
R2: 0.6450860918650472
