MSE: 0.3754085756953516
R2: 0.5957138415588521
