MSE: 0.15321034690643473
R2: 0.8350042417930703
