MSE: 0.34008555946188257
R2: 0.5465525873841565
