MSE: 0.15777975176236572
R2: 0.8309502659688939
