MSE: 0.1778889221722195
R2: 0.8084273145837636
