MSE: 0.2543686123903001
R2: 0.7244340032438414
