MSE: 0.1669786516120078
R2: 0.8144681648755469
