MSE: 0.17851626563338135
R2: 0.8066073788971702
