MSE: 0.14870756079398642
R2: 0.8265078457403492
