MSE: 0.26464674186862924
R2: 0.7164499194264686
