MSE: 0.18398635810042194
R2: 0.8006814453912096
