MSE: 0.19103382130254606
R2: 0.7915994676699497
