MSE: 0.1726804701528727
R2: 0.8081328109412526
