MSE: 0.1702740191087982
R2: 0.8282191311645752
