MSE: 0.1523758728054409
R2: 0.8457882733053369
