MSE: 0.024993416352956595
R2: 0.9718824066029238
