MSE: 0.0677704211466921
R2: 0.9225480901180662
