MSE: 0.08269459767554957
R2: 0.9035229693785255
