MSE: 0.22319462137441368
R2: 0.7210067232819829
