MSE: 0.2565133021291198
R2: 0.7068419404238632
