MSE: 0.08781657009942244
R2: 0.8996382056006601
