MSE: 0.08554267097470912
R2: 0.9022369474574753
