MSE: 0.1037021115434561
R2: 0.8847754316183821
