MSE: 0.12549571039487264
R2: 0.8588173258057683
