MSE: 0.09545548817003799
R2: 0.8909080135199565
