MSE: 0.03172180163079379
R2: 0.9629912314307406
