MSE: 0.10297517776166257
R2: 0.8712810277979218
