MSE: 0.07627092338864548
R2: 0.9141952111877738
