MSE: 0.1966673691691568
R2: 0.7836658939139276
