MSE: 0.8833799360284897
R2: -0.766759872056979
