MSE: 0.2622604073905548
R2: 0.7049570416856257
