MSE: 0.13749779643074403
R2: 0.8350026442831071
