MSE: 0.21544175637059088
R2: 0.7306978045367614
