MSE: 0.1530369696995684
R2: 0.8163556363605179
