MSE: 0.25057651336159287
R2: 0.6993081839660886
