MSE: 0.10862007760303109
R2: 0.8906653166232648
