MSE: 0.2495658004533941
R2: 0.7227046661628955
