MSE: 0.19021805511476111
R2: 0.7780789356994455
