MSE: 0.42121264483610077
R2: 0.5085852476912156
