MSE: 0.09169597162829637
R2: 0.8777387044956049
