MSE: 0.2136969463638969
R2: 0.7435636643633237
