MSE: 0.40761780005253767
R2: 0.5470913332749581
