MSE: 0.1123131121271452
R2: 0.8596086098410685
