MSE: 0.32942497330253284
R2: 0.6235143162256768
