MSE: 0.20933381875475124
R2: 0.7487994174942985
