MSE: 0.10953665262749183
R2: 0.8722072386012595
