MSE: 0.007898221760847838
R2: 0.9894690376522028
