MSE: 0.08074250669118455
R2: 0.9031089919705786
