MSE: 0.21814113373590746
R2: 0.7091451550187899
