MSE: 0.17585368621126424
R2: 0.799024358615698
