MSE: 0.30813219989633955
R2: 0.6148347501295756
