MSE: 0.10151286902795725
R2: 0.8839852925394774
