MSE: 0.7388940519966586
R2: 0.014807930671122183
