MSE: 0.09494085294762734
R2: 0.8892356715611014
