MSE: 0.44489127155262465
R2: 0.48096018318860445
