MSE: 0.5559366128061405
R2: 0.401299032362618
