MSE: 0.503788911755078
R2: 0.46022616597670196
