MSE: 0.4588871963146647
R2: 0.5028722039924467
