MSE: 0.5331993658059793
R2: 0.42578529836279144
