MSE: 0.42904353220118363
R2: 0.5423535656520708
