MSE: 0.6152373272885068
R2: 0.33743672445853123
