MSE: 0.7501330325723679
R2: 0.18735588137993509
