MSE: 0.6121616053805014
R2: 0.3407490403594601
