MSE: 0.5796577250820729
R2: 0.347885059282668
