MSE: 0.6335246457654828
R2: 0.1553004723126895
