MSE: 0.5510764747926885
R2: 0.40956091986497645
