MSE: 0.6008914271501004
R2: 0.35618775662489255
