MSE: 0.5333027267737288
R2: 0.40744141469585704
