MSE: 0.5850527000351191
R2: 0.36994324611602525
