MSE: 0.4213788825118905
R2: 0.5505291919873168
