MSE: 0.48483685830136214
R2: 0.4778679987523793
