MSE: 0.6200015664026146
R2: 0.32833163639716745
