MSE: 0.763800667074947
R2: 0.1088992217458955
