MSE: 0.7555545625877776
R2: 0.16049493045802465
