MSE: 0.6495012024265246
R2: 0.29145323371651866
