MSE: 0.44059630413858536
R2: 0.525511672466139
