MSE: 0.08597210148271585
R2: 0.9068635567270578
