MSE: 0.1000462661591114
R2: 0.8899491072249774
