MSE: 0.11577447063530011
R2: 0.871361699294111
