MSE: 0.13625595870777937
R2: 0.8513571359551497
