MSE: 0.03405427762045502
R2: 0.9628498789595036
