MSE: 0.4842247618158699
R2: 0.4552471429571465
