MSE: 0.31199114658863397
R2: 0.6434386896129898
