MSE: 0.33313013174820244
R2: 0.6365853108201429
