MSE: 0.30188143033473874
R2: 0.6603833908734189
