MSE: 0.04755493178195585
R2: 0.9484821572362145
