MSE: 0.07635793510119118
R2: 0.9151578498875653
