MSE: 0.1377423955238169
R2: 0.839300538555547
