MSE: 0.07127224182262411
R2: 0.9208086201970844
