MSE: 0.10488494810438907
R2: 0.8741380622747331
