MSE: 0.44653727331593157
R2: 0.497645567519577
