MSE: 0.2770907491126133
R2: 0.6305456678498489
