MSE: 0.15299378086141172
R2: 0.8317068410524471
