MSE: 0.10459461076608179
R2: 0.8837837658154647
