MSE: 0.16858877458281243
R2: 0.8033130963200522
