MSE: 0.15555044556008135
R2: 0.8222280622170499
