MSE: 0.1875797605004195
R2: 0.7811569460828439
