MSE: 0.018193705133218815
R2: 0.9792071941334642
