MSE: 0.0642824590665971
R2: 0.9276822335500783
