MSE: 0.14337758270727458
R2: 0.838700219454316
