MSE: 0.40335930999572106
R2: 0.5294141383383255
