MSE: 0.23292856631344167
R2: 0.7337959242132095
