MSE: 0.15203074933319558
R2: 0.8327661757334849
