MSE: 0.43231414432747006
R2: 0.48122302680703577
