MSE: 0.02704103034246787
R2: 0.9705006941718533
