MSE: 0.21467818207545014
R2: 0.7638539997170049
