MSE: 0.06453886447074816
R2: 0.9193264194115648
