MSE: 0.1509434275251712
R2: 0.8301886440341824
