MSE: 0.061709320709830026
R2: 0.9314340881001888
