MSE: 0.032429580798017714
R2: 0.9621654890689794
