MSE: 0.24171175686300198
R2: 0.6978603039212476
