MSE: 0.8454033213219294
R2: -0.6908066426438584
