MSE: 0.14844376838160483
R2: 0.814445289522994
