MSE: 0.11320166847446705
R2: 0.8706266646006091
