MSE: 0.051705731670414985
R2: 0.9396766463845159
