MSE: 0.041656047256547604
R2: 0.9500127432921429
