MSE: 0.40156537795254654
R2: 0.5956459735894496
