MSE: 0.06117632128661173
R2: 0.9344539414786303
