MSE: 0.07828205671760946
R2: 0.9213904032961244
