MSE: 0.2684318855769437
R2: 0.7071652157342432
