MSE: 0.17446224086224577
R2: 0.8152752743811515
