MSE: 0.3269173325941917
R2: 0.6479351802831781
