MSE: 0.22660611534439395
R2: 0.7600641131647594
