MSE: 0.22148311008135582
R2: 0.7614797276046937
