MSE: 0.2475607761545836
R2: 0.727683146229958
