MSE: 0.3283288175738646
R2: 0.6443104476283134
