MSE: 0.18695454770703904
R2: 0.7960495843195938
