MSE: 0.2680066590144936
R2: 0.7113774441382377
