MSE: 0.2565825356436601
R2: 0.7236803462299044
