MSE: 0.2658426407759418
R2: 0.7009270291270655
