MSE: 0.0650211516823212
R2: 0.9133051310902384
