MSE: 0.2647506806101638
R2: 0.7175992740158252
