MSE: 0.16467547075812353
R2: 0.8226571853374054
