MSE: 0.15399834418418865
R2: 0.8341556293401045
