MSE: 0.49405780699354995
R2: 0.4610278469161273
