MSE: 0.35809849197472066
R2: 0.6021127866947549
