MSE: 0.319246253559423
R2: 0.6517313597533568
