MSE: 0.22910044704681026
R2: 0.7532764416418967
