MSE: 0.17907026640541113
R2: 0.7851156803135068
