MSE: 0.18791393541261142
R2: 0.796426569969671
