MSE: 0.13562054803475498
R2: 0.8559031677130728
