MSE: 0.33065892243006717
R2: 0.6486748949180536
