MSE: 0.08026577934370327
R2: 0.9188423786635889
