MSE: 0.15088771021534617
R2: 0.8459019129715614
