MSE: 0.06351952039798238
R2: 0.935696287992166
