MSE: 0.12469422881231962
R2: 0.8628363483064485
