MSE: 0.1715640687019198
R2: 0.8069904227103402
