MSE: 0.08090049918220432
R2: 0.9101105564642175
