MSE: 0.30029208385854855
R2: 0.6621714056591328
