MSE: 0.2832309498569768
R2: 0.6884459551573257
