MSE: 0.13854282413244912
R2: 0.8508000355496702
