MSE: 0.07830473961140404
R2: 0.9129947337651066
