MSE: 0.12146400676359254
R2: 0.8663895925600482
