MSE: 0.33477137875404567
R2: 0.6233821989016988
