MSE: 0.10583492125896354
R2: 0.882405643045596
