MSE: 0.13169843861666955
R2: 0.8518392565562468
