MSE: 0.2002752700993578
R2: 0.7663455182174159
