MSE: 0.07976854525515312
R2: 0.9069366972023214
