MSE: 0.14901715799368295
R2: 0.8360811262069487
