MSE: 0.21794771167696547
R2: 0.7578358759144828
