MSE: 0.20320729102514662
R2: 0.7713917975967101
