MSE: 0.09154564169802272
R2: 0.8931967513523068
