MSE: 0.16575842178426173
R2: 0.8105618036751295
