MSE: 0.15275082578764512
R2: 0.8319740916335903
