MSE: 0.2589023903031243
R2: 0.6547968129291677
