MSE: 0.1405320050596915
R2: 0.8590765408872174
