MSE: 0.12213529684723869
R2: 0.8764608491660114
