MSE: 0.10373540973637725
R2: 0.8953928641313843
