MSE: 0.22084576737339975
R2: 0.7570696558892603
