MSE: 0.23258828442875246
R2: 0.7383381800176534
