MSE: 0.06995493908499661
R2: 0.9222722899055593
