MSE: 0.1592954400850779
R2: 0.8284510645237623
