MSE: 0.2905154059473536
R2: 0.680433053457911
