MSE: 0.2313512058458233
R2: 0.7455136735695944
