MSE: 0.381078240154934
R2: 0.5712869798256992
