MSE: 0.051098480012166415
R2: 0.9432239110975928
