MSE: 0.3578363118357918
R2: 0.5974341491847344
