MSE: 0.1943555520102555
R2: 0.7732518559880353
