MSE: 0.19053785923635524
R2: 0.7882912675151608
