MSE: 0.08967527254353654
R2: 0.8953788486992074
