MSE: 0.15116388013828141
R2: 0.8337197318478904
