MSE: 0.07956279237514291
R2: 0.9104918585779642
