MSE: 0.21263254510216664
R2: 0.7661042003876166
