MSE: 0.21369165969082712
R2: 0.7557809603533405
