MSE: 0.1493850063670288
R2: 0.8008199915106282
