MSE: 0.3462251393854968
R2: 0.6153054006827814
