MSE: 0.16370185069896562
R2: 0.8158354179636637
