MSE: 0.10717615549884273
R2: 0.8749611519180168
