MSE: 0.16732158754047152
R2: 0.8315703224758167
