MSE: 0.5849529432439388
R2: 0.2980564681072736
