MSE: 0.23257491502450467
R2: 0.728662599138078
