MSE: 0.07766988895474831
R2: 0.9067961332543021
