MSE: 0.6610548302382018
R2: 0.22876936472209797
