MSE: 0.1529018087379725
R2: 0.7961309216827034
