MSE: 0.2931560803821108
R2: 0.6579845728875375
