MSE: 0.880413701386303
R2: -0.02714931828402034
