MSE: 0.3979882821921037
R2: 0.5356803374425458
