MSE: 0.428005288513466
R2: 0.4863936537838409
