MSE: 0.5581292028591806
R2: 0.1628061957112289
