MSE: 0.3036567144270959
R2: 0.5951243807638722
