MSE: 0.36778676392951676
R2: 0.5402665450881041
