MSE: 0.7208777016251536
R2: 0.13494675804981582
