MSE: 0.5922893569479847
R2: 0.30899575022735093
