MSE: 0.6084013235571148
R2: -0.21680264711422992
