MSE: 0.663619876472633
R2: 0.17047515440920902
