MSE: 0.6191651552682298
R2: 0.17444645964236016
