MSE: 0.33158400950854006
R2: 0.5855199881143248
