MSE: 0.6595648723168864
R2: 0.24621157449498698
