MSE: 0.17489408538111245
R2: 0.8159009627567237
