Oracle: 87.25279681581287
Random: 26.603446824642397
_Threads: 54.436543708523985
_Compute (SM) Throughput: 66.52922686316627
_DRAM Throughput: 54.436543708523985
_Memory Throughput: 54.436543708523985
_Registers: 8.705264140140876
_Static Shared Memory: 3.684859362774283
exclusive_throughput: 64.06370345530564
sm%: 5.0915647864494105
mem%: 54.436543708523985
memcap: 87.25279681581287
