MSE: 0.17805280211746588
R2: 0.8071094643727452
