MSE: 0.23335467743573116
R2: 0.7499771313188595
