MSE: 0.12549764683678413
R2: 0.8671201386434051
