MSE: 0.21356277622004738
R2: 0.770009317916872
