MSE: 0.17774057043334757
R2: 0.8118041018941026
