MSE: 0.2636864671934741
R2: 0.7187344349936277
