MSE: 0.13136638897755853
R2: 0.8598758517572709
