MSE: 0.2329333144773744
R2: 0.7504285916313846
