MSE: 0.14561206507906624
R2: 0.8422535961643449
