MSE: 0.16505480082469146
R2: 0.8252360932444444
