MSE: 0.2186870206422615
R2: 0.7656924778832912
