MSE: 0.14896625879279385
R2: 0.832412958858107
