MSE: 0.38251739067966894
R2: 0.5218532616504137
