MSE: 0.15775786595606786
R2: 0.8317249429801943
