MSE: 0.10183926598509521
R2: 0.8913714496158984
