MSE: 0.2746067138695728
R2: 0.6979326147434699
