MSE: 0.505576415511463
R2: 0.42219838227261364
