MSE: 0.3798931180437236
R2: 0.5884491221192993
