MSE: 0.16130268131647654
R2: 0.8240334385638438
