MSE: 0.11342687894228763
R2: 0.8784712011332633
