MSE: 0.1282947716255811
R2: 0.8618363997878358
