MSE: 0.24800312631083235
R2: 0.7509548437466851
