Oracle: 206.18341112205727
Random: 75.80362327582364
_Threads: 206.18341112205727
_Compute (SM) Throughput: 131.73028344140272
_DRAM Throughput: 206.18341112205727
_Memory Throughput: 135.4175631635507
_Registers: 206.18341112205727
_Static Shared Memory: 43.642203909102626
exclusive_throughput: 106.8151659435853
sm%: 45.144912948069006
mem%: 104.2238766925411
memcap: 115.65961280841157
