MSE: 0.7044287190135853
R2: 0.2452549439140157
