MSE: 0.22426554422767406
R2: 0.7741210345908318
