MSE: 0.09349833470913828
R2: 0.9006580193715406
