MSE: 0.10053117494240967
R2: 0.8922880268474183
