MSE: 0.10683880257810974
R2: 0.8868765619761191
