MSE: 0.37227302692832454
R2: 0.5967042208276485
