MSE: 0.11098618900604051
R2: 0.8828479116047351
