MSE: 0.3338890349851016
R2: 0.6452429003283295
