MSE: 0.1405832703644069
R2: 0.8500445116112993
