MSE: 0.11637211841363795
R2: 0.8739302050518922
