MSE: 0.35175627882296323
R2: 0.6211855458829627
