MSE: 0.17441445127570027
R2: 0.7819819359053747
