MSE: 0.1487562535388087
R2: 0.8398009577274368
