MSE: 0.15606979911268531
R2: 0.8283232209760462
