MSE: 0.09070427092363263
R2: 0.9036267121436403
