MSE: 0.3474352254518725
R2: 0.6258389879749066
