MSE: 0.07005074972996413
R2: 0.9229441752970394
