MSE: 0.1167019249667453
R2: 0.8735729146193593
