MSE: 0.31277958470199113
R2: 0.6611554499061763
