MSE: 0.34843180139707897
R2: 0.6017922269747669
