MSE: 0.2720364576476135
R2: 0.7007598965876252
