MSE: 0.10071422772734288
R2: 0.8915385239859385
