MSE: 0.17625284453297393
R2: 0.8111576665718137
