MSE: 0.1441104232289112
R2: 0.8546364426560548
