MSE: 0.24884684042999786
R2: 0.7333783852535738
