MSE: 0.10385359783374415
R2: 0.8956245247902069
