MSE: 0.1884059702606564
R2: 0.7944662142611021
