MSE: 0.1161715189812911
R2: 0.8709205344652321
