MSE: 0.06608902414906721
R2: 0.927302073436026
