MSE: 0.38626774849455453
R2: 0.5654487829436263
