MSE: 0.18395211346258736
R2: 0.7930538723545892
