MSE: 0.17237465511475952
R2: 0.8084726054280449
