MSE: 0.2464779135223462
R2: 0.7311150034301679
