MSE: 0.07156044800134506
R2: 0.9229349021523976
