MSE: 0.2440706048172511
R2: 0.7288104390919432
