MSE: 0.10465564461937911
R2: 0.884878790918683
