MSE: 0.10704757253478078
R2: 0.8751111653760891
