MSE: 0.10833823282716255
R2: 0.8833280569553634
