MSE: 0.0916988239926096
R2: 0.8968388230083142
