MSE: 0.14011796058461834
R2: 0.8458702433569198
