MSE: 0.4964963848661038
R2: 0.3380048201785283
