MSE: 0.13107855043957314
R2: 0.8525366307554803
