MSE: 0.1563160055191381
R2: 0.8263155494231799
