MSE: 0.06067382031197878
R2: 0.9317419521490239
