MSE: 0.01716744435963672
R2: 0.9799713149137571
