MSE: 0.05676164335687482
R2: 0.9337780827503127
