MSE: 0.1612682045889857
R2: 0.8382262524499203
