MSE: 0.2784147089908301
R2: 0.7201043617060272
