Oracle: 183.56578036188074
Random: 59.677828553137566
_Threads: 129.7196308378216
_Compute (SM) Throughput: 183.56578036188074
_DRAM Throughput: 129.7196308378216
_Memory Throughput: 129.7196308378216
_Registers: 129.7196308378216
_Static Shared Memory: 129.7196308378216
exclusive_throughput: 112.72570632164079
sm%: 32.490314186367684
mem%: 129.7196308378216
memcap: 90.38100395161618
