MSE: 0.6804311693353441
R2: 0.30477684872258326
