Oracle: 91.35816074021835
Random: 31.330565298369102
_PCIe read bandwidth: 45.00423478688387
_PCIe write bandwidth: 45.00423478688387
_Long_Kernel: 34.64406508114433
_ave_Kernel_Length: 12.82291262336432
_long/short_Ratio: 12.82291262336432
_avg_Thread: 39.50848415114254
sm%: 14.216948656491155
mem%: 52.27558104007258
CPU%: 44.882143315371636
MainMem%: 12.82291262336432
