MSE: 0.04123955248862209
R2: 0.9518871887632743
