MSE: 0.0488999875540473
R2: 0.9441142999382316
