MSE: 0.08702641622436828
R2: 0.8984691810715704
