MSE: 0.3425865656623139
R2: 0.5432179124502483
