MSE: 0.14302256793614834
R2: 0.8390996110718332
