MSE: 0.19211299117223385
R2: 0.7804422958031614
