MSE: 0.12422879082643322
R2: 0.8580242390555048
