MSE: 0.20097699090677804
R2: 0.7588276109118663
