MSE: 0.1509406488110262
R2: 0.8274964013588272
