MSE: 0.1261362561065747
R2: 0.8486364926721104
