MSE: 0.07455929814095238
R2: 0.9105288422308572
