MSE: 0.20025585407669658
R2: 0.7711361667694896
