MSE: 0.157239041853983
R2: 0.8165544511703531
