MSE: 0.07288239224511375
R2: 0.902823477006515
