MSE: 0.21928577361121568
R2: 0.7533035046873823
