MSE: 0.18581450747406214
R2: 0.7677318656574224
