MSE: 0.0961207826565196
R2: 0.8798490216793504
