MSE: 0.43619809125698894
R2: 0.4184025449906815
