MSE: 0.10291728596111802
R2: 0.8627769520518427
