MSE: 0.12694780662818345
R2: 0.8709363965946801
