MSE: 0.13975923731442133
R2: 0.8524763606125553
