MSE: 0.44281444176291684
R2: 0.5338795349864035
