Oracle: 110.30660305127734
Random: 59.559014398259976
_PCIe read bandwidth: 39.07908939662205
_PCIe write bandwidth: 110.25795248229106
_Long_Kernel: 92.85135889165612
_ave_Kernel_Length: 45.2208305089443
_long/short_Ratio: 45.2208305089443
_avg_Thread: 45.2208305089443
sm%: 42.721942389422324
mem%: 92.85135889165612
CPU%: 110.30660305127734
MainMem%: 103.26418899374838
