MSE: 0.09387041628619211
R2: 0.9025191830874159
