MSE: 0.32741605495318793
R2: 0.6685417715288714
