Oracle: 115.40388307383168
Random: 49.25287181906276
_PCIe read bandwidth: 88.39037821055143
_PCIe write bandwidth: 88.39037821055143
_Long_Kernel: 53.672538607644285
_ave_Kernel_Length: 53.311514373467425
_long/short_Ratio: 32.99393599310754
_avg_Thread: 53.672538607644285
sm%: 21.633764461714037
mem%: 62.53967891508678
CPU%: 88.39037821055143
MainMem%: 64.3802138445938
