MSE: 0.1044698864012162
R2: 0.8940791429543224
