MSE: 0.0429680213746101
R2: 0.9527351764879288
