MSE: 0.11958352987178478
R2: 0.8671294112535725
