MSE: 0.14060924290421878
R2: 0.8466080986499431
