MSE: 0.23879321065423
R2: 0.7394983156499308
