MSE: 0.1977387312629852
R2: 0.7802902985966831
