MSE: 0.04680294276255846
R2: 0.9495968308710909
