MSE: 0.4176109699346398
R2: 0.5301876588235304
