MSE: 0.2566650992653567
R2: 0.7148165563718258
