MSE: 0.1338641691927578
R2: 0.8494028096581475
