MSE: 0.09208489508941863
R2: 0.8987066154016395
