MSE: 0.10022803318253706
R2: 0.8830672946203735
