MSE: 0.16461919671623992
R2: 0.8189188836121362
