MSE: 0.060079185935384076
R2: 0.9352993382234325
