MSE: 0.07427426247057045
R2: 0.9164414547206082
