MSE: 0.14073663953510568
R2: 0.8416712805230061
