MSE: 0.09464393242941546
R2: 0.8895820788323486
