MSE: 0.14339578258651328
R2: 0.8406713526816519
