MSE: 0.05885112039955579
R2: 0.9337924895504998
