MSE: 0.5823662908202761
R2: 0.22351161223963179
