MSE: 0.04567784951485091
R2: 0.9467091755660073
