MSE: 0.19677412045175102
R2: 0.8000000742949416
