MSE: 0.16386498369041674
R2: 0.8224796010020485
