MSE: 0.10597378317649432
R2: 0.8864566608823276
