MSE: 0.05854082710853914
R2: 0.936580770632416
