MSE: 0.16656502324193462
R2: 0.8195545581545708
