MSE: 0.4026670852816001
R2: 0.5525921274648888
