MSE: 0.2013092285375763
R2: 0.7819150024176258
