MSE: 0.2237095549786391
R2: 0.7559532127505755
