MSE: 0.11012753682991129
R2: 0.8814011141831725
