MSE: 0.5152451430246593
R2: 0.42034921409725845
