MSE: 0.12877912386972593
R2: 0.8631721808884162
