MSE: 0.16655240010717376
R2: 0.8195682332172284
