MSE: 0.08051615365058053
R2: 0.9094193271430969
