MSE: 0.18667817372798257
R2: 0.7963510832058371
