MSE: 0.05176098562869521
R2: 0.9435334702232416
