MSE: 0.20252463883675595
R2: 0.7790640303599026
