MSE: 1.539286473480592
R2: -1.3089297102208874
