MSE: 0.1348443645376706
R2: 0.8458921548140907
