MSE: 0.14856882916012334
R2: 0.8379249136435019
