MSE: 0.3642155111522172
R2: 0.5629413866173394
