MSE: 0.10731546932305779
R2: 0.8819529837446365
