MSE: 0.1878803748195372
R2: 0.7964629272788346
