MSE: 0.36073366468916196
R2: 0.6031929688419218
