MSE: 0.27372368307938205
R2: 0.7238103377937766
