MSE: 0.5368040942513378
R2: 0.4274089661319064
