MSE: 0.5120757045260705
R2: 0.4367167250213224
