MSE: 0.7033111256875514
R2: 0.2380796138384862
