MSE: 0.6199866810961093
R2: 0.3180146507942798
