MSE: 0.816433588569042
R2: 0.09285156825662
