MSE: 0.4436766425111343
R2: 0.519350303946271
