MSE: 0.37372628513689365
R2: 0.6029158220420505
