MSE: 0.5930507943186532
R2: 0.3410546729792744
