MSE: 0.6679335646768777
R2: 0.27134520217067903
