MSE: 0.8166732173836748
R2: 0.08124263044336577
