MSE: 0.4829131488881835
R2: 0.27563027666772477
