MSE: 0.9081871993672523
R2: 0.009250327962997296
