MSE: 0.6235995312536667
R2: 0.31970960226872713
