MSE: 0.5737244461871318
R2: 0.37846518329727385
