MSE: 0.5143950133808418
R2: 0.4488624856633836
