MSE: 0.667722838073493
R2: 0.2655048781191577
