MSE: 0.4681642269946748
R2: 0.3757810306737671
