MSE: 0.5947921522709495
R2: 0.35113583388623704
