MSE: 0.43203469040254905
R2: 0.5319624187305718
