MSE: 0.7637573643754669
R2: 0.14077296507759973
