MSE: 0.6993171876389727
R2: 0.2371085225756664
