MSE: 0.07729685286597096
R2: 0.9162617427285314
