MSE: 0.12772951103206232
R2: 0.8594975378647314
