MSE: 0.026928998264767114
R2: 0.9703781019087562
