MSE: 0.2624285041520397
R2: 0.7084127731644003
