MSE: 0.1248134892902766
R2: 0.8627051617806958
