MSE: 0.17045418768330242
R2: 0.8140499770727609
