MSE: 0.04524015635917024
R2: 0.9509898306108989
