MSE: 0.41448690082317163
R2: 0.533702236573932
