MSE: 0.09435356706697137
R2: 0.8993561951285639
