MSE: 0.10337054591491379
R2: 0.8818622332400985
