MSE: 0.18752508221019165
R2: 0.7916387975442316
