MSE: 0.02453756705295408
R2: 0.9730086762417505
