MSE: 0.09643427136909853
R2: 0.8947989766882561
