MSE: 0.48908343099781615
R2: 0.02183313800436748
