MSE: 0.18206865723484425
R2: 0.7919215345887495
