MSE: 0.14711971362145002
R2: 0.838168315016405
