MSE: 0.1505473442848885
R2: 0.8343979212866226
