MSE: 0.20460786372123926
R2: 0.7612908256585542
