MSE: 0.4291538826217038
R2: 0.46355764672287014
