MSE: 0.22141188374498258
R2: 0.7564469278805191
