MSE: 0.1255276055222918
R2: 0.8605248827530091
