MSE: 0.47887687039192417
R2: 0.5179091908806133
