MSE: 0.057025399191716716
R2: 0.9415124110854187
