MSE: 0.4576682083907116
R2: 0.5224331738531705
