Oracle: 156.93491097383946
Random: 102.95686767106379
_PCIe read bandwidth: 88.58460964586615
_PCIe write bandwidth: 143.76901894366563
_Long_Kernel: 135.83665746252723
_ave_Kernel_Length: 103.63906870755716
_long/short_Ratio: 103.63906870755716
_avg_Thread: 103.63906870755716
sm%: 70.16796608077425
mem%: 135.83665746252723
CPU%: 145.27001526541517
MainMem%: 141.60282268171085
