MSE: 0.12088743214913131
R2: 0.8704777512687879
