MSE: 0.11589120177594071
R2: 0.8772916687078275
