MSE: 0.16828144104783238
R2: 0.8196984560201797
