MSE: 0.4496748376907642
R2: 0.5157347901791773
