MSE: 0.12268666239770944
R2: 0.8685500045738828
