MSE: 0.21359911804303494
R2: 0.7650409701526615
