MSE: 0.26743183766724293
R2: 0.7119964825121998
