MSE: 0.39659488611717164
R2: 0.578617933500505
