MSE: 0.13031166939861252
R2: 0.8610008859748133
