MSE: 0.06372877271840877
R2: 0.9317191720874192
