MSE: 0.24488595029559854
R2: 0.7376221961118586
