MSE: 0.16783552504597882
R2: 0.8216747546386476
