MSE: 0.2585502155812302
R2: 0.7229819118772534
