MSE: 0.09032305374378455
R2: 0.900644640881837
