MSE: 0.08490043589795832
R2: 0.8938744551275521
