MSE: 0.17350207579772026
R2: 0.8141049187881568
