MSE: 0.3083148476658947
R2: 0.6659922483619474
