MSE: 0.058479333949773664
R2: 0.9366473882210785
