MSE: 0.5150673773584415
R2: 0.41135156873320966
