MSE: 0.1220977851856531
R2: 0.8656924362957816
