MSE: 0.16284658197685817
R2: 0.8255215193105091
