Oracle: 114.48408416856847
Random: 59.26416020312426
_PCIe read bandwidth: 92.08200263516918
_PCIe write bandwidth: 92.08200263516918
_Long_Kernel: 59.64909971975546
_ave_Kernel_Length: 59.64909971975546
_long/short_Ratio: 37.80329031059393
_avg_Thread: 114.48408416856847
sm%: 19.255192813469222
mem%: 114.48408416856847
CPU%: 92.08200263516918
MainMem%: 63.7344598982523
