MSE: 0.07255468007132708
R2: 0.9265269062568839
