MSE: 0.48212265853635294
R2: 0.4910927493227385
