Oracle: 71.09498890750388
Random: 30.97409460049082
_PCIe read bandwidth: 18.463225843645347
_PCIe write bandwidth: 56.125761066508026
_Long_Kernel: 66.59253708057489
_ave_Kernel_Length: 17.68136001723789
_long/short_Ratio: 17.68136001723789
_avg_Thread: 17.68136001723789
sm%: 6.444360081540339
mem%: 66.59253708057489
CPU%: 59.97105912709311
MainMem%: 28.445379020391133
