MSE: 0.31127610083978496
R2: 0.6498143865552419
