MSE: 1.8436109850224667
R2: -1.3045137312780835
