MSE: 0.6414059745815968
R2: 0.23031283050208373
