MSE: 0.1647535789606853
R2: 0.7940580262991433
