MSE: 0.1962751491135929
R2: 0.7055872763296107
