MSE: 0.3702094850275012
R2: 0.5372381437156236
