MSE: 0.4528019337406171
R2: 0.45663767951125944
