MSE: 0.7776115930052345
R2: 0.027985508743456844
