MSE: 0.5370403643422417
R2: 0.32869954457219774
