MSE: 0.5538017532865577
R2: 0.3077478083918027
