MSE: 0.44745663417496007
R2: 0.4886209895143315
