MSE: 0.33450569379371303
R2: 0.4982414593094304
