MSE: 1.5401832758452478
R2: -0.8482199310142975
