MSE: 0.260523511193142
R2: 0.6743456110085724
