MSE: 0.45964596692519843
R2: 0.4484248396897619
