MSE: 0.6848250822525919
R2: 0.14396864718426017
