MSE: 0.7861784145192545
R2: 0.05658590257689455
