MSE: 0.5878214363523218
R2: 0.11826784547151714
