MSE: 0.17871768587042772
R2: 0.7855387769554867
