MSE: 0.4107595683944208
R2: 0.5858457244287658
