MSE: 0.07466036091943844
R2: 0.9241730709411953
