MSE: 0.08089431437241512
R2: 0.918081706964643
