MSE: 0.8720844084428752
R2: 0.0033321046367140728
