MSE: 0.4660178579030393
R2: 0.4674081623965265
