MSE: 0.5463445483176481
R2: 0.4039877654716566
