MSE: 0.6662557983152962
R2: 0.23856480192537577
