MSE: 0.49008026315312003
R2: 0.42823969298802667
