MSE: 0.524533415607687
R2: 0.4230132428315443
