MSE: 0.6769007256725247
R2: 0.2615628447208823
