MSE: 1.0510242049452798
R2: -0.22619490576949275
