MSE: 0.41835104879985824
R2: 0.539813846320156
