MSE: 0.7876949895397628
R2: 0.05476601255228475
