MSE: 0.3048867483331016
R2: 0.6515580019050269
