MSE: 0.2811523526727645
R2: 0.6626171767926826
