MSE: 0.4148404591858591
R2: 0.5390661564601567
