MSE: 0.31317713363401173
R2: 0.6583522178538055
