MSE: 0.6693594865667819
R2: -0.0040392298501727986
