MSE: 0.7284244366613842
R2: 0.1501714905617183
