MSE: 0.3270736185355287
R2: 0.6320421791475301
