MSE: 0.5298294671259886
R2: 0.36420463944881365
