MSE: 0.46857551729330804
R2: 0.47285254304502844
