MSE: 0.2700986212945179
R2: 0.6913158613776939
