MSE: 0.1549796197758597
R2: 0.843298384448853
