MSE: 0.20046308777141833
R2: 0.7828316549142967
