MSE: 0.14552413756589078
R2: 0.8459156190478804
