MSE: 0.1620217913230414
R2: 0.8264052235824556
