MSE: 0.23875576735356926
R2: 0.7428784043884638
