MSE: 0.2891134214637245
R2: 0.6902356198602952
