MSE: 0.1269512553721594
R2: 0.8655810237235959
