MSE: 0.3420148699805002
R2: 0.6351841386874666
