MSE: 0.19911334085871615
R2: 0.7842938807363908
