MSE: 0.1321336256716174
R2: 0.8590574659502748
