MSE: 0.1380809403504173
R2: 0.8446589421057805
