MSE: 0.18569405923512222
R2: 0.8033827608098707
