MSE: 0.1396086978934854
R2: 0.8510840555802822
