MSE: 0.15891538188638732
R2: 0.8297335194074422
