MSE: 0.2889593584978179
R2: 0.6388008018777276
