MSE: 0.08153051232807423
R2: 0.9130341201833875
