MSE: 0.0796766890122541
R2: 0.9123556420865205
