MSE: 0.1862813417519574
R2: 0.8004128481229029
