MSE: 0.2853192139422218
R2: 0.6909041848959263
