MSE: 0.13804723194978924
R2: 0.8513337502079192
