MSE: 0.6274675630216504
R2: 0.2828942136895424
