MSE: 0.07216090043581315
R2: 0.9212790177063857
