MSE: 0.15984502177722085
R2: 0.813514141259909
