MSE: 0.0917529187402158
R2: 0.9025125238385208
