MSE: 0.16297596788507168
R2: 0.825382891551709
