MSE: 0.09079497530974705
R2: 0.9038641437896796
