MSE: 0.3188669680089626
R2: 0.6545607846569573
