MSE: 0.514301919307474
R2: 0.4535542107358087
