MSE: 0.41162830970951064
R2: 0.5567079741589885
