MSE: 0.3128744668912269
R2: 0.6662672353160246
