MSE: 0.17134790232317412
R2: 0.8191327697699828
