MSE: 0.3374946095093202
R2: 0.6343808396982364
