MSE: 0.216944875058728
R2: 0.72881890617659
