MSE: 0.22252586571704178
R2: 0.7603567599970319
