MSE: 0.06145134556280833
R2: 0.9324035198809109
