MSE: 0.29138698377984423
R2: 0.6861986328524754
