MSE: 0.2259633193735551
R2: 0.7514403486890893
