MSE: 0.2721898876102069
R2: 0.7107982444141552
