MSE: 0.1518722540040948
R2: 0.8372797278527556
