MSE: 0.17410944645920395
R2: 0.8084796088948756
