MSE: 0.27113389209517824
R2: 0.6901326947483677
