MSE: 0.176228032081989
R2: 0.8090862985778453
