MSE: 0.094929447378012
R2: 0.897768287439064
