MSE: 0.33472790034003597
R2: 0.637378107964961
