MSE: 0.11619507633475688
R2: 0.8692805391233985
