MSE: 0.086720162888996
R2: 0.900891242412576
