MSE: 0.2049387117160069
R2: 0.7609048363313253
