MSE: 0.1310349583119787
R2: 0.8525856718990239
