MSE: 0.5790692127074947
R2: 0.3244192518412562
