MSE: 0.36786945582898156
R2: 0.5795777647668783
