MSE: 0.38199358705593656
R2: 0.5416076955328759
