MSE: 0.18994903997938595
R2: 0.7910560560226755
