MSE: 0.08612026224872432
R2: 0.9060506230013916
