MSE: 0.2093017350709471
R2: 0.7674425165878365
