MSE: 0.16561692945297637
R2: 0.817821377601726
