MSE: 0.0815347420661811
R2: 0.904876134256122
