MSE: 0.21490655849386556
R2: 0.7582301216944012
