MSE: 0.02977222483749254
R2: 0.9627847189531343
