MSE: 0.19093849929284978
R2: 0.7613268758839378
