MSE: 0.37895560923138916
R2: 0.2420887815372219
