MSE: 0.10125693488465523
R2: 0.8818669093012356
