MSE: 0.27966258619951184
R2: 0.6504217672506103
