MSE: 0.18113367669353753
R2: 0.7826395879677549
