MSE: 0.07909065271433047
R2: 0.9096106826121938
