MSE: 0.24545088566462472
R2: 0.752923611781305
