MSE: 0.4199707801784047
R2: 0.5751458386567303
