MSE: 0.2901263293650036
R2: 0.6684270521542817
