MSE: 0.08691079442300982
R2: 0.9051882242658075
