MSE: 0.1821619614234844
R2: 0.7918149012303035
