MSE: 0.09499885102413165
R2: 0.8955012638734552
