MSE: 0.11979506582197946
R2: 0.8682254275958226
