MSE: 0.4338609539392518
R2: 0.5041589097837123
