MSE: 0.1502490894562423
R2: 0.824709395634384
