MSE: 0.3095632429331472
R2: 0.6622946440729305
