MSE: 0.5697009419396123
R2: 0.33534890107045257
