MSE: 0.13214655668815598
R2: 0.8414241319742128
