MSE: 0.10073636064631483
R2: 0.8880707103929835
