MSE: 0.06979832524889658
R2: 0.9162420097013241
