MSE: 0.10832847340642182
R2: 0.8818234835566308
