MSE: 0.10382339971980548
R2: 0.881344686034508
