MSE: 0.5490000897479071
R2: 0.17649986537813933
