MSE: 0.12437848309566545
R2: 0.8600742065173763
