MSE: 0.24651076566825944
R2: 0.7124041067203639
