MSE: 0.19662406048069334
R2: 0.7752867880220649
