MSE: 0.14513156297369081
R2: 0.8367269916545979
