MSE: 0.06641533419925082
R2: 0.920301598960899
