MSE: 0.08050764722992104
R2: 0.9127833821675856
