MSE: 0.07842211983189688
R2: 0.9159763001801104
