MSE: 0.11443882545908245
R2: 0.876758187967142
