MSE: 0.08468021714239116
R2: 0.9088059200005019
