MSE: 0.25489603757126034
R2: 0.7281108932573224
