MSE: 0.31082887014913213
R2: 0.663268724005107
