MSE: 0.22243204047957033
R2: 0.7497639544604834
