MSE: 0.109428889973849
R2: 0.8821535031050857
