MSE: 0.18710209406218545
R2: 0.7985054371638003
