MSE: 0.078438328408767
R2: 0.9128463017680367
