MSE: 0.19601039794501104
R2: 0.7899888593446309
