MSE: 0.20134758643024522
R2: 0.7831641376905051
