MSE: 0.17915240443602182
R2: 0.7611301274186376
