MSE: 0.14056139888370572
R2: 0.8500678411907139
