MSE: 0.12877127341950642
R2: 0.8620307784791003
