MSE: 0.1321340960878003
R2: 0.8531843376802218
