MSE: 0.11604283280432086
R2: 0.8750307954415006
