MSE: 0.18411948848745482
R2: 0.8005372208052572
