MSE: 0.4567729457651398
R2: 0.4670982299406704
