MSE: 0.09436226457553688
R2: 0.8983790996878833
