MSE: 0.2950153062639543
R2: 0.6781651204393226
