MSE: 0.1349776705387455
R2: 0.8582734459343172
