MSE: 0.1664241660950632
R2: 0.8325291410364144
