MSE: 0.13155292369493649
R2: 0.8520029608431965
