MSE: 0.010701968178457005
R2: 0.9881089242461589
