MSE: 0.12918598752106522
R2: 0.8578954137268283
