MSE: 0.11357105817928002
R2: 0.8776927065761599
