MSE: 0.048765917073099525
R2: 0.9463574912195906
