MSE: 0.09627851786282646
R2: 0.8930238690413039
