MSE: 0.32690060456507736
R2: 0.640409334978415
