MSE: 0.43167286242133646
R2: 0.5143680297759966
