MSE: 0.26639872607659015
R2: 0.7003014331638361
