MSE: 0.052476125792445344
R2: 0.9422762616283101
