MSE: 0.12364285618211124
R2: 0.8557500011208702
