MSE: 0.13536818679314633
R2: 0.8477107898577104
