MSE: 0.07740061258144496
R2: 0.9096992853216476
