MSE: 0.08589251770583803
R2: 0.9045638692157355
