MSE: 0.15522454727763343
R2: 0.818904694842761
