MSE: 0.04243617631372509
R2: 0.9434184315816999
