MSE: 0.1410647126964313
R2: 0.8387831854897928
