MSE: 0.2245997941853847
R2: 0.7504446731273503
