MSE: 0.17514395781961192
R2: 0.8029630474529366
