MSE: 0.11778274046625574
R2: 0.8704389854871186
