MSE: 0.3002148783935301
R2: 0.5997134954752932
