MSE: 0.18438910026263647
R2: 0.7787330796848362
