MSE: 0.41496044873909355
R2: 0.5158794764710577
