MSE: 0.265452270259793
R2: 0.6903056846969081
