MSE: 0.43337860322070015
R2: 0.4799456761351599
