MSE: 0.2720633615049577
R2: 0.689070443994334
