MSE: 0.8878238039925658
R2: -0.33173570598884883
