MSE: 0.3576945216018379
R2: 0.5707665740777943
