MSE: 0.3037516181949266
R2: 0.6203104772563417
