MSE: 0.06810333674612237
R2: 0.9205461071295239
