MSE: 0.33246976052931704
R2: 0.6010362873648196
