MSE: 0.42668913312415657
R2: 0.14662173375168708
