MSE: 0.673287231923994
R2: -0.009930847885990968
