MSE: 0.31843671818438196
R2: 0.6178759381787418
