MSE: 0.1451129825412429
R2: 0.8307015203685499
