MSE: 1.7139554845694593
R2: -1.570933226854189
