MSE: 0.16961138572194442
R2: 0.8021200499910648
