MSE: 0.5325362027420578
R2: 0.36095655670953064
