MSE: 0.37374046791774884
R2: 0.5328244151028141
