MSE: 0.1261667491677564
R2: 0.8723131695169695
