MSE: 0.143097426931983
R2: 0.849371129545281
