MSE: 0.1389350811503689
R2: 0.8593062469363353
