MSE: 0.17371740590655835
R2: 0.8257380254228882
