MSE: 0.38730300115808736
R2: 0.6042773683819541
