MSE: 0.380298429064927
R2: 0.6015921219319811
