Oracle: 88.28389794628868
Random: 41.13687757152865
_PCIe read bandwidth: 29.323217152925636
_PCIe write bandwidth: 62.93768918187998
_Long_Kernel: 76.22481747092984
_ave_Kernel_Length: 39.65745428795301
_long/short_Ratio: 39.65745428795301
_avg_Thread: 39.65745428795301
sm%: 19.52531930891066
mem%: 76.22481747092984
CPU%: 61.397683664333314
MainMem%: 53.47497788262288
