MSE: 0.11028418434240579
R2: 0.8887890578059774
