MSE: 0.3376106877907566
R2: 0.6436331628875347
