MSE: 0.1264387038442366
R2: 0.8731081108373253
