MSE: 0.20043915960938996
R2: 0.7828575770898276
