MSE: 0.08123822966734402
R2: 0.9178787460971414
