MSE: 1.496573926715591e+25
R2: -1.541924651767578e+25
