MSE: 0.10918828649572362
R2: 0.8898704351724167
