MSE: 0.15223164633735417
R2: 0.845841370797616
