MSE: 0.06861796575926957
R2: 0.9261037291823251
