MSE: 0.21615938714487945
R2: 0.7622246741406327
