MSE: 0.08334580473022696
R2: 0.9062359696784946
