MSE: 0.13417185576140003
R2: 0.8490566622684249
