MSE: 0.02607164492619548
R2: 0.9706693994580301
