MSE: 0.14408875132091592
R2: 0.8318964567922648
