MSE: 0.08779811909559439
R2: 0.8996592924621779
