MSE: 0.07067650265822882
R2: 0.9228983607364777
