MSE: 0.1744843104022098
R2: 0.8080672585575692
