MSE: 0.08101913035199206
R2: 0.9108789566128087
