MSE: 0.44814420139260785
R2: 0.4622269583288706
