MSE: 0.11329313651086913
R2: 0.8764074874426881
