MSE: 0.10690028829882979
R2: 0.8778282419441945
