MSE: 0.24543061290045107
R2: 0.7322575131995079
