MSE: 0.4613629164485399
R2: 0.47272809548738304
