MSE: 0.2532964361635348
R2: 0.6622714184486204
