MSE: 0.018566866704437704
R2: 0.9793701481061803
