MSE: 0.08452011115337935
R2: 0.906088765385134
