MSE: 0.2001713805160929
R2: 0.766466722731225
