MSE: 0.0808593631226476
R2: 0.9110547005650876
