MSE: 0.07201866486380515
R2: 0.9271136403787996
