MSE: 0.3810214282922806
R2: 0.5843402600447849
