MSE: 0.7694805812239252
R2: 0.12059362145837116
