MSE: 0.41632759213031734
R2: 0.5241970375653517
