MSE: 0.7715556922011705
R2: 0.1512887385787124
