MSE: 0.5103604362849234
R2: 0.42584450917946104
