MSE: 0.4931039163577645
R2: 0.4521067596024838
