MSE: 0.637225864317639
R2: 0.2831209026426561
