MSE: 0.7038141552032686
R2: 0.17888348559618628
