MSE: 0.47906369538896804
R2: 0.4610533426874108
