MSE: 0.7934306666565034
R2: 0.09322209524971015
