MSE: 0.992367959313145
R2: -0.11641395422728817
