MSE: 0.728768868474562
R2: 0.1254773578305255
