MSE: 0.9601176267164646
R2: -0.05612938938811074
