MSE: 0.6065825842686045
R2: 0.32601935081266153
