MSE: 0.7076426428618839
R2: 0.1508288285657392
