MSE: 0.5696022954047499
R2: 0.3354639886944585
