MSE: 0.4865620244677461
R2: 0.45937552836917084
