MSE: 0.5440532805786389
R2: 0.1839200791320419
