MSE: 0.6968403285312239
R2: 0.2257329682986401
