MSE: 0.7913280763633146
R2: 0.07678391090946635
