MSE: 0.09444728291316697
R2: 0.9047590424405039
