MSE: 0.303528587419706
R2: 0.6585303391528308
