MSE: 0.6431467993726327
R2: 0.24966206739859498
