MSE: 1.4188647495925366
R2: -0.7735809369906708
