MSE: 0.11572625198015989
R2: 0.8649860393564801
