MSE: 0.30875908210004976
R2: 0.6294891014799404
