MSE: 0.4134450454018855
R2: 0.5038659455177374
