MSE: 0.5307739421079022
R2: 0.33653257236512213
