MSE: 0.5444183456632757
R2: 0.31947706792090536
