MSE: 0.24104411825601432
R2: 0.6384338226159785
