MSE: 0.5205510611687876
R2: 0.21917340824681864
