MSE: 0.3536318464235803
R2: 0.6021641727734721
