MSE: 0.20874872230848457
R2: 0.7390640971143942
