MSE: 1.1251577868083114
R2: -0.3501893441699737
