MSE: 0.6300804279736659
R2: 0.24390348643160087
