MSE: 0.9265578963435823
R2: -0.23541052845810984
