MSE: 0.8786025894130419
R2: -0.025036354315215226
