MSE: 0.68914373629675
R2: 0.19599897432045843
