MSE: 0.39955877927613653
R2: 0.5338480908445074
