MSE: 0.7370091971743359
R2: 0.11558896339079672
