MSE: 0.13401793878315654
R2: 0.8576059400428961
