MSE: 0.18777739077600109
R2: 0.8017905319586655
