MSE: 0.26960924281604776
R2: 0.7292134242458909
