Oracle: 236.6247728279041
Random: 80.87847826534286
_Threads: 236.6247728279041
_Compute (SM) Throughput: 206.18341112205727
_DRAM Throughput: 236.6247728279041
_Memory Throughput: 236.6247728279041
_Registers: 236.6247728279041
_Static Shared Memory: 18.510620703275123
exclusive_throughput: 158.15029195067754
sm%: 49.9572149513066
mem%: 236.6247728279041
memcap: 123.97801143835761
