MSE: 0.10435926240179388
R2: 0.894010124123178
