MSE: 0.1722163840137946
R2: 0.7933403391834464
