MSE: 0.03368831809529159
R2: 0.962100642142797
