MSE: 0.4317901219687149
R2: 0.46026234753910633
