MSE: 0.19858361777390354
R2: 0.7616996586713157
