MSE: 0.04646717278453967
R2: 0.9419160340193254
