MSE: 0.49224787844916573
R2: 0.3846901519385427
