MSE: 0.10281420621513271
R2: 0.8714822422310842
