MSE: 0.19111422937003114
R2: 0.7611072132874611
