MSE: 0.2715227457800367
R2: 0.5927158813299449
