MSE: 0.04015434101663547
R2: 0.9498070737292057
