MSE: 0.253095432804384
R2: 0.620356850793424
