MSE: 0.08034899840510995
R2: 0.908172573251303
