MSE: 0.07586067066987243
R2: 0.9051741616626594
