MSE: 0.14105450236373
R2: 0.830734597163524
