MSE: 0.14617698617936314
R2: 0.8245876165847642
