MSE: 0.09554093702106999
R2: 0.885350875574716
