MSE: 0.3546831314584475
R2: 0.5566460856769406
