MSE: 0.17808298474634665
R2: 0.786300418304384
