MSE: 0.5692750999856373
R2: 0.14608735002154383
