MSE: 0.20681585457048857
R2: 0.763639023348013
