MSE: 0.08607461500646936
R2: 0.9016290114211779
