MSE: 0.0657136510185532
R2: 0.9283123807070329
