MSE: 0.12944672285361336
R2: 0.8576086048610253
