MSE: 0.09416139999525887
R2: 0.8940684250053338
