MSE: 0.19812343354806278
R2: 0.7798628516132635
