MSE: 0.1791136106128386
R2: 0.7984971880605566
