MSE: 0.6690445888099869
R2: 0.21944797972168184
