MSE: 0.5377625856492076
R2: 0.39501709114464123
