MSE: 0.11216350737282982
R2: 0.8718131344310516
