MSE: 0.14200970988127873
R2: 0.8437893191305934
