MSE: 0.0861907343433469
R2: 0.9030354238637347
