MSE: 0.04509854504585586
R2: 0.945881745944973
