MSE: 0.11754184599795503
R2: 0.8693979488911611
