MSE: 0.09815739966387135
R2: 0.8909362225956985
