MSE: 0.12280140327748337
R2: 0.8635539963583518
