MSE: 0.08782306869896067
R2: 0.8946123175612472
