MSE: 0.08814842429802153
R2: 0.8971601716523082
