MSE: 0.059097663640608755
R2: 0.9113535045390869
