MSE: 0.17268578115360836
R2: 0.7985332553207902
