MSE: 0.1587390283732092
R2: 0.8405967915917565
