MSE: 0.12728598547425543
R2: 0.8621068490695566
