MSE: 0.10624960823129463
R2: 0.8855773449816827
