MSE: 0.1457000374611157
R2: 0.8410545045878738
