MSE: 0.15152666541213727
R2: 0.8358461124701846
