MSE: 0.2219650719105698
R2: 0.7502892941006091
