MSE: 0.19897224950408443
R2: 0.776156219307905
