MSE: 0.02925150381125182
R2: 0.9683108708711439
