MSE: 0.2625032342129728
R2: 0.7156214962692796
