MSE: 0.45473312818058564
R2: 0.4997935590013558
