MSE: 0.06118168111125839
R2: 0.934448198809366
