MSE: 0.1735896298481984
R2: 0.8090514071669818
