MSE: 0.09214260661106985
R2: 0.8157147867778602
