MSE: 0.06161731322907008
R2: 0.9315363186343666
