MSE: 0.09044247744966653
R2: 0.8944837763087223
