MSE: 0.10806578091957146
R2: 0.8764962503776326
