MSE: 0.10889072147985171
R2: 0.8802202063721631
