MSE: 0.20529804573161012
R2: 0.7433774428354873
