MSE: 0.12311518588267441
R2: 0.8656925244916279
