MSE: 0.2645431267324959
R2: 0.6976649980200047
