MSE: 0.11758817922485335
R2: 0.8706530028526613
