MSE: 0.47959699248676657
R2: 0.4604533834523876
