MSE: 0.14489353300242336
R2: 0.846583317997434
