MSE: 0.10134474984584171
R2: 0.8930249862738338
