MSE: 0.13133666101444746
R2: 0.8677877612454562
