MSE: 0.2739433763147222
R2: 0.7077937319309631
