MSE: 0.3629855680093353
R2: 0.6110868914185694
