MSE: 0.23366472629793317
R2: 0.7507576252822046
