MSE: 0.6822539248586502
R2: 0.26089158140312885
