MSE: 0.41914180594930317
R2: 0.5459297102215883
