MSE: 0.35269932736700343
R2: 0.6221078635353534
