MSE: 0.5368955084046557
R2: 0.42180483710267846
