MSE: 0.26096225779747056
R2: 0.7236870211556194
