MSE: 0.5917573707462545
R2: 0.36597424562901293
