MSE: 0.41930047446122853
R2: 0.5527461605746895
