MSE: 0.2849643705074885
R2: 0.6946810315991194
