MSE: 0.19733212438434042
R2: 0.788572723873921
