MSE: 0.25921673497694897
R2: 0.7235021493579212
