MSE: 0.17948962694528695
R2: 0.7756379663183913
