MSE: 0.12777571680630462
R2: 0.859446711513065
