MSE: 0.26422696154365705
R2: 0.6980263296643919
