MSE: 0.08197973932622601
R2: 0.9117141268794489
