MSE: 0.390850354307702
R2: 0.5812317632417479
