MSE: 0.21311941737230156
R2: 0.7691206311800067
