MSE: 0.04229614112181847
R2: 0.953004287642424
