MSE: 0.3438249982865254
R2: 0.6316160732644369
