MSE: 0.18519461480159563
R2: 0.8141416052170367
