MSE: 0.1394094592869926
R2: 0.8539519950326744
