Oracle: 116.61811254199446
Random: 64.3982844991019
_Threads: 101.07070041251349
_Compute (SM) Throughput: 114.61819511733682
_DRAM Throughput: 101.07070041251349
_Memory Throughput: 101.07070041251349
_Registers: 68.20464531278402
_Static Shared Memory: 46.04884396337647
exclusive_throughput: 82.87488373520561
sm%: 39.668718018858385
mem%: 101.07070041251349
memcap: 77.27709628580368
