MSE: 0.10288426393479916
R2: 0.8958455599672404
