MSE: 0.2050270626864887
R2: 0.7936151421963822
