MSE: 0.4502449203360803
R2: 0.530179213562351
