Oracle: 156.56108991679463
Random: 101.65035382974361
_PCIe read bandwidth: 87.04855644011498
_PCIe write bandwidth: 141.4645642944826
_Long_Kernel: 137.84747186549444
_ave_Kernel_Length: 98.89726594585889
_long/short_Ratio: 98.89726594585889
_avg_Thread: 98.89726594585889
sm%: 71.09498890750388
mem%: 137.84747186549444
CPU%: 142.39607869133323
MainMem%: 135.61469584929552
