MSE: 0.24350002199477605
R2: 0.7343636123693351
