MSE: 0.16715935307450563
R2: 0.8199822351505325
