MSE: 0.31044537990565146
R2: 0.6636841717688775
