MSE: 0.08518760760755756
R2: 0.9077134250918126
