MSE: 0.3237679149658205
R2: 0.635761095663452
