MSE: 0.23840345802804708
R2: 0.7317961097184471
