MSE: 0.24708331935951638
R2: 0.7323264040271906
