MSE: 0.2947219921036156
R2: 0.6758058086860228
