MSE: 0.3876699579381047
R2: 0.58002421223372
