MSE: 0.15916976782530737
R2: 0.8294609630443135
