MSE: 0.11709263711928289
R2: 0.8698970698674635
