MSE: 0.14124337973581655
R2: 0.8446322822906018
