MSE: 0.02631281498796822
R2: 0.9473743700240636
