MSE: 0.08784697761972558
R2: 0.8975118594436535
