MSE: 0.1688847567713071
R2: 0.8069888494042204
