MSE: 0.197208501545784
R2: 0.75348937306777
