MSE: 0.4559087522851964
R2: 0.48710265367915406
