MSE: 0.16546775105678163
R2: 0.8194897261198746
