MSE: 0.1421418490796875
R2: 0.8436439660123438
