MSE: 0.26395096146602076
R2: 0.7096539423873771
