MSE: 0.36602386613525395
R2: 0.5816870101311384
