MSE: 0.035734737775921024
R2: 0.9615164362413158
