MSE: 0.1633987864742305
R2: 0.8202613348783465
