MSE: 0.0707538001369185
R2: 0.9221708198493896
