MSE: 0.24699268257154025
R2: 0.7283080491713058
