MSE: 0.14127962066093097
R2: 0.8458767774608026
