MSE: 0.15052149017081684
R2: 0.8369350523149485
