MSE: 0.15552350127481882
R2: 0.8289241485976993
