MSE: 0.12339633108519703
R2: 0.8589756216169177
