MSE: 0.21645490223960692
R2: 0.7655071892404257
