MSE: 0.08438471765146897
R2: 0.9035603226840354
