MSE: 0.10797699284216568
R2: 0.8822069168994556
