MSE: 0.07917714540516173
R2: 0.9136249322852781
