MSE: 0.1295269188191215
R2: 0.8575203892989662
