MSE: 0.1247749898815633
R2: 0.7504500202368733
