MSE: 0.2181973671217261
R2: 0.7619665085944806
