MSE: 0.14406722910634764
R2: 0.8353517381641742
