MSE: 0.3301645373104822
R2: 0.6331505140994643
