MSE: 0.15067332169318487
R2: 0.8325851981186836
