MSE: 0.0997553413620386
R2: 0.8911759912414124
