MSE: 0.10511027308538819
R2: 0.8853342475432129
