MSE: 0.47286103268941637
R2: 0.4089237091382295
