MSE: 0.10906495616891672
R2: 0.8800285482141916
