MSE: 0.39124896148848487
R2: 0.5528583297274459
