MSE: 0.18052567296558383
R2: 0.7893867148734857
