MSE: 0.38569354030147834
R2: 0.5371677516382259
