MSE: 0.23479955624919338
R2: 0.7417204881258873
