MSE: 0.10592500938850144
R2: 0.8823055451238873
