MSE: 0.0775692166237734
R2: 0.9138119815291407
