MSE: 0.2438143241239325
R2: 0.7155499551887454
