MSE: 0.11286978223094772
R2: 0.8683185873972277
