MSE: 0.12137923209498662
R2: 0.8612808776057296
