MSE: 0.06500469843899048
R2: 0.918744126951262
