MSE: 0.14073564501793406
R2: 0.8391592628366468
