MSE: 0.1864221763784456
R2: 0.7902750515742487
