MSE: 0.06237240489441333
R2: 0.9168367934741155
