MSE: 0.2635911630727894
R2: 0.6987529564882408
