MSE: 0.28061262178349916
R2: 0.663264853859801
