MSE: 0.06322620434413942
R2: 0.927741480749555
