MSE: 0.7980266058119285
R2: 0.002466742735089178
