MSE: 0.11122829051093203
R2: 0.872881953701792
