MSE: 0.507603323308043
R2: -0.015206646616086283
