MSE: 0.15792630185260198
R2: 0.8414129186417386
