MSE: 0.15922309278413357
R2: 0.8275083161505219
