MSE: 0.09717978574227368
R2: 0.8947218987792035
