MSE: 0.1204812687470156
R2: 0.8709129263424833
