MSE: 0.28328879123710154
R2: 0.6909576822867983
