MSE: 0.3051434046112049
R2: 0.6694279783378614
