MSE: 0.2817964395914585
R2: 0.6868928448983794
