MSE: 0.18849229815472482
R2: 0.7997269332106048
