MSE: 0.42162090704925304
R2: 0.5256764795695905
