MSE: 0.14368627071047677
R2: 0.8452609392348711
