MSE: 0.14818454266003822
R2: 0.8383441352799582
