MSE: 0.17265041010637594
R2: 0.8116540980657716
