MSE: 0.1015904722153868
R2: 0.8857107187576898
