MSE: 0.10461049973677697
R2: 0.8866719586184916
