MSE: 0.13017817703819842
R2: 0.8579874432310562
