MSE: 1.0525573874265546
R2: -0.5788360811398314
