MSE: 0.08646957895868575
R2: 0.9056695502268883
