MSE: 0.11906609080335374
R2: 0.8690273001163109
