MSE: 0.2213714341641962
R2: 0.7601809463221207
