MSE: 0.1777828511852513
R2: 0.8044388636962235
