MSE: 0.12343211747545585
R2: 0.851881459029453
