MSE: 0.08306162258268285
R2: 0.9050724313340768
