MSE: 0.12347168376026904
R2: 0.8749653835339047
