MSE: 0.1686139825411001
R2: 0.8072983056673142
