MSE: 0.29584415603834646
R2: 0.6449870127539843
