MSE: 0.046801061833288644
R2: 0.9485188319833825
