MSE: 0.16730053017816532
R2: 0.8048160481254738
