MSE: 0.04042899178000574
R2: 0.9550788980222159
