MSE: 0.13970348040577196
R2: 0.8403388795362606
