MSE: 0.06870963465586345
R2: 0.9175484384129639
