MSE: 0.3396900988939833
R2: 0.490464851659025
