MSE: 0.44071336286570306
R2: 0.4491082964178711
