MSE: 0.4032963055489246
R2: 0.4622715926014339
