MSE: 0.081800834059866
R2: 0.9018389991281608
