MSE: 0.08207882743473872
R2: 0.907661319135919
