MSE: 0.0952909032583289
R2: 0.8888272795319496
