MSE: 0.1959020156013379
R2: 0.7796102324484948
