MSE: 1.732991335151283
R2: -2.465982670302565
