MSE: 0.14069244199294006
R2: 0.8358588176749033
