MSE: 0.3048740450819397
R2: 0.6443136140710704
