MSE: 0.10232723847991473
R2: 0.8830545845943831
