MSE: 0.0766207617215078
R2: 0.9124334151754196
