MSE: 0.39263317025333117
R2: 0.5092085371833358
