MSE: 0.40469503723721756
R2: 0.5777095263611642
