Oracle: 87.76079665202724
Random: 40.13864494214878
_PCIe read bandwidth: 29.07024967630002
_PCIe write bandwidth: 62.549526747184785
_Long_Kernel: 75.90846222402217
_ave_Kernel_Length: 38.3255436947735
_long/short_Ratio: 38.3255436947735
_avg_Thread: 38.3255436947735
sm%: 19.132393270209683
mem%: 75.90846222402217
CPU%: 61.440128194402234
MainMem%: 53.894221926140105
