MSE: 0.1193981756773257
R2: 0.879442618733574
