MSE: 0.5854623825968761
R2: 0.3800986537209545
