Oracle: 141.60282268171085
Random: 82.25852269230663
_PCIe read bandwidth: 52.6833220809137
_PCIe write bandwidth: 95.78836568896631
_Long_Kernel: 124.79581741401309
_ave_Kernel_Length: 82.88271442184208
_long/short_Ratio: 82.88271442184208
_avg_Thread: 82.88271442184208
sm%: 53.894221926140105
mem%: 124.79581741401309
CPU%: 94.30372972515929
MainMem%: 86.56650914946994
