MSE: 0.11607073096549078
R2: 0.8742567081207183
