MSE: 0.08298507582833053
R2: 0.9110874187553601
