MSE: 0.11822109884144258
R2: 0.8719271429217705
