MSE: 0.33062185701125485
R2: 0.6326423810986057
