MSE: 0.14140927761846386
R2: 0.8477130856416543
