MSE: 0.0354320199622183
R2: 0.9616153117075968
