MSE: 0.1864736385876848
R2: 0.7928070682359057
