MSE: 0.47492375342438503
R2: 0.47758387123317647
