MSE: 0.32554525314260235
R2: 0.6473259757621809
