MSE: 0.06945785822212025
R2: 0.9259116178964051
