MSE: 0.09457932579994054
R2: 0.8935982584750669
