MSE: 0.05720525833184531
R2: 0.935644084376674
