MSE: 0.20376920004959323
R2: 0.6943461999256102
