MSE: 0.12908913964024388
R2: 0.8591754840288249
