MSE: 0.1422053928147567
R2: 0.8459441577840137
