MSE: 0.26868197732074744
R2: 0.6775816272151032
