MSE: 0.07728255802756169
R2: 0.9156917548790237
