MSE: 0.16396934177539252
R2: 0.8223665464099914
