MSE: 0.16398585224563547
R2: 0.8155159162236602
