MSE: 0.09784252272866224
R2: 0.893262702477823
