MSE: 0.3701292122629548
R2: 0.5887453197078281
