MSE: 0.9604083833701444
R2: -0.20051047921268061
