MSE: 0.10818836443607657
R2: 0.8782880900094139
