MSE: 0.4813335937516909
R2: 0.42239968749797085
