MSE: 0.21457660820512153
R2: 0.7317792397435982
