MSE: 0.10091912087199426
R2: 0.8738510989100071
