MSE: 0.1984391701209418
R2: 0.7023412448185873
