MSE: 0.18874240366501482
R2: 0.7735091156019822
