MSE: 0.3112743421506935
R2: 0.610907072311633
