MSE: 0.21713831749299972
R2: 0.7285771031337503
