MSE: 0.0550072920446078
R2: 0.9371345233775911
