MSE: 0.050046634213870476
R2: 0.9374417072326618
