MSE: 0.14809840974411115
R2: 0.8222819083070666
