MSE: 0.3438354046530232
R2: 0.4842468930204652
