MSE: 0.11093978766648252
R2: 0.8613252654168968
