MSE: 0.11782385344492995
R2: 0.858611375866084
