MSE: 0.45140854021764126
R2: 0.322887189673538
