MSE: 0.13702621062200473
R2: 0.8355685472535943
