MSE: 0.4940062843872319
R2: 0.4071924587353217
