MSE: 0.22859741366302516
R2: 0.7142532329212186
