MSE: 7.43024291052619e+26
R2: -7.466665669891514e+26
