MSE: 0.20710838601285222
R2: 0.7914122683727702
