MSE: 0.11031581559762386
R2: 0.8887873078528019
