MSE: 0.16847212279261528
R2: 0.8309997514306053
