MSE: 0.1272068687251576
R2: 0.871222676105396
