MSE: 0.1158449660342207
R2: 0.8551937924572242
