MSE: 0.04190528798414243
R2: 0.9511104973518338
