MSE: 0.29505135996304477
R2: 0.6557734133764477
