MSE: 0.11657830690303722
R2: 0.8667676492536718
