MSE: 0.07514578250331021
R2: 0.8998056233289198
