MSE: 0.16004212746977667
R2: 0.8170947114631124
