MSE: 0.162897215431896
R2: 0.782803712757472
