MSE: 0.2065320543323225
R2: 0.752161534801213
