MSE: 0.26360644206483086
R2: 0.6704919474189615
