MSE: 0.09441469981211663
R2: 0.88670236022546
