MSE: 0.04086146009011098
R2: 0.9455180532131854
