MSE: 0.15453621792821481
R2: 0.8145565384861422
