MSE: 0.06400567859772452
R2: 0.9039914821034132
