MSE: 0.0671812241766237
R2: 0.9216219051272724
