MSE: 0.18635804706493142
R2: 0.7670524411688358
