MSE: 0.07140184481741414
R2: 0.9166978477130168
