MSE: 0.02486573349554502
R2: 0.9709899775885308
