MSE: 0.11012557619258849
R2: 0.8348116357111173
