MSE: 0.1233864405142762
R2: 0.8519362713828686
