MSE: 0.14187817289181293
R2: 0.8479876719016289
