MSE: 0.1202067193963588
R2: 0.8727222971097377
