MSE: 0.13797680920309072
R2: 0.85216770442526
