MSE: 0.25797385231261694
R2: 0.724827890866542
