MSE: 0.09318671884111973
R2: 0.9013317094623439
