MSE: 0.14648696084873855
R2: 0.8413057924138665
