MSE: 0.2947519489237375
R2: 0.682574824235975
