MSE: 0.23332138203920216
R2: 0.7500128049579977
