MSE: 0.1691945200795623
R2: 0.8154241599132047
