MSE: 0.09070349696577716
R2: 0.9023193109599323
