MSE: 0.05884611436124794
R2: 0.9352692742026273
