MSE: 0.13506795964574814
R2: 0.855927509711202
