MSE: 0.12789130742302246
R2: 0.8641154858630387
