MSE: 0.13324476348156256
R2: 0.8334440456480467
