MSE: 0.10699921088080107
R2: 0.8853579883419989
