MSE: 0.3815425715653978
R2: 0.5639513467824026
