MSE: 0.11129213060125139
R2: 0.8794335251819777
