MSE: 0.10965591236406104
R2: 0.8812060949389339
