MSE: 0.1208048484421206
R2: 0.8699024709084855
