MSE: 0.13200816118297795
R2: 0.8547910226987243
