MSE: 0.3358932434922083
R2: 0.6361156528834411
