MSE: 0.1015428520678353
R2: 0.8940422413205197
