Oracle: 87.76079665202724
Random: 40.13864494214878
_Threads: 75.90846222402217
_Compute (SM) Throughput: 86.53763031381214
_DRAM Throughput: 75.90846222402217
_Memory Throughput: 75.90846222402217
_Registers: 38.3255436947735
_Static Shared Memory: 21.19677337246058
exclusive_throughput: 48.62322509300998
sm%: 19.132393270209683
mem%: 75.90846222402217
memcap: 53.894221926140105
