Oracle: 205.76930989787746
Random: 68.74239041024836
_Threads: 176.9471796716032
_Compute (SM) Throughput: 205.76930989787746
_DRAM Throughput: 176.9471796716032
_Memory Throughput: 176.9471796716032
_Registers: 176.9471796716032
_Static Shared Memory: 31.433519687649948
exclusive_throughput: 106.76269356725322
sm%: 41.75107226582545
mem%: 176.9471796716032
memcap: 106.76269356725322
