MSE: 0.1653542412759536
R2: 0.8304059063836373
