MSE: 0.14721672901001476
R2: 0.8518573796125637
