MSE: 0.10924903975347482
R2: 0.8898769679284974
