MSE: 0.3947133002791526
R2: 0.5263440396650167
