MSE: 0.08131928473344358
R2: 0.9096452391850627
