MSE: 0.04274018394899628
R2: 0.9519172930573792
