MSE: 0.29263974257456776
R2: 0.6655545799147797
