MSE: 0.35215579212065956
R2: 0.6038247338642582
