MSE: 0.23286842864944918
R2: 0.7412573015006121
