MSE: 0.06342435455849472
R2: 0.9286476011216934
