MSE: 0.06222174678262331
R2: 0.9315560785391144
