MSE: 0.10409921277226888
R2: 0.8872258528300421
