MSE: 0.12580368732264605
R2: 0.8584708517620232
