MSE: 0.13266313731730378
R2: 0.8525965140918846
