MSE: 0.10636103830569103
R2: 0.8784445276506389
