MSE: 0.14397076984969095
R2: 0.8272350761803708
