MSE: 0.25889761788968385
R2: 0.6979527791287021
