MSE: 0.2832261842701242
R2: 0.5751607235948137
