MSE: 0.18294330830318592
R2: 0.7804680300361768
