MSE: 0.2969179508114135
R2: 0.6659673053371599
