MSE: 0.05103933380127518
R2: 0.9404541105651789
