MSE: 0.06072946050307345
R2: 0.9316793569340424
