MSE: 0.17891061789434057
R2: 0.7912709457899361
