MSE: 0.5165552388958705
R2: 0.39735222128815106
