MSE: 0.3777542950133064
R2: 0.5682808056990785
