MSE: 0.38108440226069323
R2: 0.5712800474567202
