MSE: 0.5690944479234967
R2: 0.3597687460860661
