MSE: 0.5024892837825884
R2: 0.42572653281989925
