MSE: 0.36989279394013796
R2: 0.5376340075748276
