MSE: 0.33909891122332275
R2: 0.6124583871733456
