MSE: 0.4705340456436278
R2: 0.46224680497871107
