MSE: 0.6628212348510047
R2: 0.26353196127666134
