MSE: 0.6996768514092767
R2: 0.2128635421645637
