MSE: 0.6927730530452803
R2: 0.13403368369339963
