MSE: 0.8719412480569696
R2: -0.017264789399797698
