MSE: 0.5145167174816498
R2: 0.41198089430668583
