MSE: 0.7665333185673134
R2: 0.1568133495759555
