MSE: 0.6673299314964802
R2: 0.2492538270664595
