MSE: 0.4359913891488845
R2: 0.4768103330213386
