MSE: 0.3991662070986516
R2: 0.20166758580269706
