MSE: 1.0729406146220455
R2: -0.34117576827755713
