MSE: 0.5964132606375353
R2: 0.2843040872349577
