MSE: 1.0165203530540519
R2: -0.21982442366486254
