MSE: 0.11993348251368165
R2: 0.8794638366696668
