MSE: 0.09429694921934054
R2: 0.9048830773091869
