MSE: 0.345226215391401
R2: 0.6317587035825056
