MSE: 0.11801879960444467
R2: 0.8750389180658822
