MSE: 0.1625394652829728
R2: 0.8212065881887298
