MSE: 0.09051844443444516
R2: 0.8994239506283943
