MSE: 0.1467533625240357
R2: 0.8349024671604598
