MSE: 0.0568587894290583
R2: 0.9384029781185201
