MSE: 0.12063239881497058
R2: 0.8673043613035324
