MSE: 0.35076115146665426
R2: 0.605393704600014
