MSE: 0.08235028470999395
R2: 0.9084996836555622
