MSE: 0.09805353348428728
R2: 0.8879388188751003
