MSE: 0.44100470143717146
R2: 0.48549451498996676
