MSE: 0.2287943344480586
R2: 0.7457840728354904
