MSE: 0.22609180288793437
R2: 0.7512990168232723
