MSE: 0.05301304933867945
R2: 0.939413657898652
