MSE: 0.09612058371057022
R2: 0.8931993514326997
