MSE: 0.024563720038773745
R2: 0.9705235359534715
