MSE: 0.15358563369152795
R2: 0.8208167606932173
