MSE: 0.06406775905112719
R2: 0.9252542811070184
