MSE: 0.24852523161474516
R2: 0.7017697220623058
