MSE: 0.10264686128434138
R2: 0.846029708073488
