MSE: 0.11481410671584796
R2: 0.8687838780390309
