MSE: 0.10121069723882416
R2: 0.878547163313411
