MSE: 0.3085497973272449
R2: 0.6694109314350948
