MSE: 0.20445622474803146
R2: 0.7798163733482738
