MSE: 0.18890739669322776
R2: 0.7965612650996009
