MSE: 0.20001119702118492
R2: 0.7833212032270497
