MSE: 0.3507669003408612
R2: 0.6053872371165312
