MSE: 0.1117544827034043
R2: 0.8758283525517729
