MSE: 0.2811904016964419
R2: 0.6875662203372868
