MSE: 0.2896339859764469
R2: 0.6862298485255158
