MSE: 0.1023613923773265
R2: 0.8908145147975184
