MSE: 0.28658535466794094
R2: 0.684756109865265
