MSE: 0.20181556573510456
R2: 0.7826601599775797
