MSE: 0.1954177355250735
R2: 0.7882974531811704
