MSE: 0.14860518342243184
R2: 0.8390110512923655
