MSE: 0.10414353730305766
R2: 0.8437846940454135
