MSE: 0.11564938899232413
R2: 0.8738370301901919
