MSE: 0.06479779713369471
R2: 0.9271024782245935
