MSE: 0.18752363630918897
R2: 0.7968493939983786
