MSE: 0.18890858788806444
R2: 0.7796066474639247
