MSE: 0.16213421004096726
R2: 0.8054389479508393
