MSE: 0.25251073098573773
R2: 0.715925427641045
