MSE: 0.3994635936417091
R2: 0.5605900469941199
