MSE: 0.2100379730617069
R2: 0.7708676657508651
