MSE: 0.1101493560608046
R2: 0.8870969100376753
