MSE: 0.1072205435532938
R2: 0.8921051134054905
