MSE: 0.10484754882576831
R2: 0.8940128039043864
