MSE: 0.19519437467192902
R2: 0.7933236032885458
