MSE: 0.1414128039992336
R2: 0.856883427277884
