MSE: 0.12389006726724479
R2: 0.870723408068962
