Oracle: 83.47384136451944
Random: 37.92283225612874
_Threads: 71.91099765337414
_Compute (SM) Throughput: 82.7358644257525
_DRAM Throughput: 71.91099765337414
_Memory Throughput: 71.91099765337414
_Registers: 39.854217590211476
_Static Shared Memory: 22.729760303997438
exclusive_throughput: 45.53849966957053
sm%: 21.02922955306353
mem%: 71.91099765337414
memcap: 50.42858998275533
