MSE: 0.06501711998276405
R2: 0.9342523505792274
