MSE: 0.21530616209354644
R2: 0.7577805676447602
