MSE: 0.15769223954972825
R2: 0.8265385364952988
