MSE: 0.1165338112241859
R2: 0.8705179875286824
