MSE: 0.10723390893209495
R2: 0.8808512122976723
