MSE: 0.37893113814121293
R2: 0.5737024695911355
