MSE: 0.18612140374012404
R2: 0.787289824297001
