MSE: 0.0665077055620202
R2: 0.9279499856411448
