MSE: 0.1824715039041413
R2: 0.7992813457054446
