MSE: 0.43345392625768264
R2: 0.49430375269937044
