MSE: 0.0635750534243924
R2: 0.9273427960864087
