MSE: 0.2500028734514258
R2: 0.7222190294984158
