MSE: 0.1529177700387848
R2: 0.8164986759534582
