MSE: 0.17670672073645208
R2: 0.8056226071899028
