MSE: 0.18566275942075788
R2: 0.7937080450880467
