MSE: 0.2346687717030543
R2: 0.7262197663464365
