MSE: 0.020193676022244093
R2: 0.9697094859666339
