MSE: 0.09316102623491243
R2: 0.8935302557315287
