MSE: 0.21135227609985394
R2: 0.7463772686801753
