MSE: 0.11958003683228442
R2: 0.8565039558012587
