MSE: 0.08882510570144908
R2: 0.896370710014976
