MSE: 0.15457787581882906
R2: 0.8282468046457454
