MSE: 0.14053592053788255
R2: 0.8393875193852771
