MSE: 0.06724468053908002
R2: 0.9266421666846401
