MSE: 0.17336175986348903
R2: 0.8049680201535748
