MSE: 0.305168924764251
R2: 0.6670884457117263
