MSE: 0.1592577927030068
R2: 0.8262642261421744
