MSE: 0.2830992720155727
R2: 0.6764579748393453
