MSE: 0.204659676592018
R2: 0.7767348982632531
