MSE: 0.29399811252116187
R2: 0.6733354305320425
