MSE: 0.10479591256687555
R2: 0.8835600971479161
