MSE: 0.19921522063636585
R2: 0.7675822425909065
