MSE: 0.1555484283448405
R2: 0.8303108054419921
