MSE: 0.06594746192691789
R2: 0.9267250423034246
