MSE: 0.19874701213643534
R2: 0.781378286649921
