MSE: 0.16638311062257935
R2: 0.8151298770860229
