MSE: 0.10292630550028305
R2: 0.8867810639496887
