MSE: 0.21375092143449176
R2: 0.7595302133861968
