MSE: 0.30750380427177143
R2: 0.6412455616829333
