MSE: 0.44191454541531006
R2: 0.4107806061129199
