MSE: 0.13653550496651248
R2: 0.8407085775390688
