MSE: 0.46933113604222987
R2: 0.5273164987003258
