MSE: 0.09531459289093269
R2: 0.8973535153482263
