MSE: 0.2717079710291662
R2: 0.7011212318679172
