MSE: 0.21174804564052108
R2: 0.7670771497954268
