MSE: 0.22281227562136088
R2: 0.7569320629585155
