MSE: 0.2835947692867064
R2: 0.6758916922437641
