MSE: 0.2336408365389957
R2: 0.7468890937494213
