MSE: 0.2128998013068249
R2: 0.7658102185624927
