MSE: 0.13819219568111507
R2: 0.8479885847507733
