MSE: 0.3365618097869464
R2: 0.635391372730808
