MSE: 0.30949461114657434
R2: 0.6462918729753437
