MSE: 0.14569293367018155
R2: 0.8410622541779837
