MSE: 0.2335502798242487
R2: 0.745217876555365
