MSE: 0.200621047802312
R2: 0.7793168474174568
