MSE: 0.02927453408288607
R2: 0.9414509318342279
