MSE: 0.08931197295150861
R2: 0.9025687567801725
