MSE: 0.25985978688477684
R2: 0.7112669034613591
