MSE: 0.1894629340204327
R2: 0.7933131628868006
