MSE: 0.4812675159029478
R2: 0.4652583156633915
