MSE: 0.18661712533915698
R2: 0.7964176814481924
