MSE: 0.15921612763404586
R2: 0.8180387112753762
