MSE: 0.4036010938556701
R2: 0.4954986326804124
