Oracle: 153.4338371415334
Random: 55.142029409032446
_Threads: 114.54701800567209
_Compute (SM) Throughput: 153.4338371415334
_DRAM Throughput: 114.54701800567209
_Memory Throughput: 114.54701800567209
_Registers: 114.54701800567209
_Static Shared Memory: 66.29335013418137
exclusive_throughput: 124.00537810840925
sm%: 33.77785388767267
mem%: 114.54701800567209
memcap: 78.41768164944324
