MSE: 0.11739456614884104
R2: 0.8728225533387556
