MSE: 0.332146800780152
R2: 0.6263348491223291
