MSE: 0.20575623331579324
R2: 0.7599510611315745
