MSE: 0.21816971870649393
R2: 0.7506631786211497
