MSE: 0.17407730497216337
R2: 0.8010545086032419
