MSE: 0.25292692485806345
R2: 0.7154572095346785
