MSE: 0.05894576243261631
R2: 0.9292650850808605
