MSE: 0.05222379014802017
R2: 0.9430285925657962
