MSE: 0.4002949269177421
R2: 0.4996313413528223
