MSE: 1.2455240226822981
R2: -0.5569050283528723
