MSE: 0.0573839580563771
R2: 0.9344183336498547
