MSE: 0.3095937938702814
R2: 0.6594468267426905
