MSE: 0.1697857591643999
R2: 0.80899102094005
