MSE: 0.0863188215047436
R2: 0.9040901983280627
