MSE: 0.1436105448449567
R2: 0.8384381370494237
