MSE: 0.2859029376051752
R2: 0.6569164748737897
