MSE: 0.8224609838019074
R2: -0.23369147570286097
