MSE: 0.2481787068199088
R2: 0.7207989548276026
