MSE: 0.07420851979181649
R2: 0.9165154152342064
