MSE: 0.4076446013763862
R2: 0.5341204555698443
