MSE: 0.14993719564211214
R2: 0.8495253950545111
