MSE: 0.14971847586589554
R2: 0.8477862162030062
