MSE: 0.03718137509502421
R2: 0.9575069998914009
