MSE: 0.09490779238408042
R2: 0.8892742422185729
