MSE: 0.01786045544555623
R2: 0.9791628019801843
