MSE: 0.2686197803007463
R2: 0.6418402929323384
