MSE: 0.0714309533640315
R2: 0.9183646247268211
