MSE: 0.15709930963302188
R2: 0.820457931847975
