MSE: 0.10337802251956583
R2: 0.8818536885490676
