MSE: 0.23990477140940136
R2: 0.7121142743087184
