MSE: 0.12520843799967102
R2: 0.8591405072503702
