MSE: 0.03842401257876348
R2: 0.9538911849054839
