MSE: 0.11334261165280968
R2: 0.867766953071722
