MSE: 0.09370148705416836
R2: 0.8750646839277756
