MSE: 0.27449941829705965
R2: 0.6862863790890747
