MSE: 0.040566127404764694
R2: 0.9513206471142823
