MSE: 0.17524016143040483
R2: 0.7663464514261269
