MSE: 0.1642730627786206
R2: 0.8151928043740517
