MSE: 0.1058278946669465
R2: 0.8677151316663168
