MSE: 0.34446797131277074
R2: 0.5407093715829725
