MSE: 0.07353066195657994
R2: 0.9080866725542751
