MSE: 0.13786417380091623
R2: 0.8614430414061144
