MSE: 0.24635653475565167
R2: 0.7290078117687832
