MSE: 0.7912400633341263
R2: 0.1296359303324609
