MSE: 0.3715020259672253
R2: 0.5975394718688393
