MSE: 0.46476810464341356
R2: 0.49650121996963537
