MSE: 0.4205911926959143
R2: 0.5411732443317299
