MSE: 0.5560596461793673
R2: 0.38833438920269603
