MSE: 0.8910904206633334
R2: 0.009899532596296168
