MSE: 0.5048476529856607
R2: 0.46149583681529527
