MSE: 0.3521573602511648
R2: 0.6038229697174398
