MSE: 0.2582798270703696
R2: 0.7048230547767205
