MSE: 0.5885670543738012
R2: 0.3579268497740349
