MSE: 0.7107088027518186
R2: 0.18776136828363577
