MSE: 0.49701060074793285
R2: 0.44776599916896365
