MSE: 1.449015478770118
R2: -1.8980309575402363
