MSE: 0.5437642556622054
R2: 0.4018593187715741
