MSE: 0.31635119908988746
R2: 0.6520136810011237
