MSE: 0.5715370270859805
R2: 0.33320680173302275
