MSE: 0.7138792418213028
R2: 0.20680084242077468
