MSE: 0.38410077246624713
R2: 0.5774891502871282
