MSE: 0.9185230486553977
R2: -0.14815381081924728
