MSE: 0.9309238048499247
R2: -0.02401618533491723
