MSE: 0.18647816718346638
R2: 0.8128534522889943
