MSE: 0.5971060668676468
R2: 0.39513930888731885
