Oracle: 153.87321518225986
Random: 84.44675522976479
_PCIe read bandwidth: 107.72396008356401
_PCIe write bandwidth: 107.72396008356401
_Long_Kernel: 80.32972883003467
_ave_Kernel_Length: 106.72196391523511
_long/short_Ratio: 82.4984818501314
_avg_Thread: 153.87321518225986
sm%: 71.7994068306184
mem%: 153.87321518225986
CPU%: 107.72396008356401
MainMem%: 105.10968631023368
