MSE: 0.15318500647111222
R2: 0.8455992395092757
