MSE: 0.11562045194232573
R2: 0.8715328311751936
