MSE: 0.08734938083854261
R2: 0.9064113776729901
