MSE: 0.16935089706957274
R2: 0.8152535668331934
