MSE: 0.08803557878573538
R2: 0.9021826902380718
