MSE: 0.20626632104725934
R2: 0.7642670616602749
