MSE: 0.08368476614385979
R2: 0.9098779441527663
