MSE: 0.19724051676391685
R2: 0.7848285271666362
