MSE: 0.09205931224777124
R2: 0.8977118752802542
