MSE: 0.22710276681071384
R2: 0.7501869565082148
