MSE: 0.017912375365534215
R2: 0.9641752492689316
