MSE: 0.11238010685788631
R2: 0.8774035197913967
