MSE: 0.12667471388529905
R2: 0.8574909468790386
