MSE: 0.06320825681193115
R2: 0.9310455380233478
