MSE: 0.2128629554437631
R2: 0.7693984649359233
