MSE: 0.22307032948622843
R2: 0.739751282266067
