MSE: 0.09466320875915053
R2: 0.8967310449900177
