MSE: 0.35302653759830344
R2: 0.6077482915574407
