MSE: 0.18656514245722935
R2: 0.786782694334595
