MSE: 0.10045909158166673
R2: 0.8894949992601666
