MSE: 0.2881753010527035
R2: 0.6157662652630621
