MSE: 0.112559717504095
R2: 0.8772075809046236
