MSE: 0.657371414233815
R2: 0.2604571589869581
