MSE: 0.22199886956463488
R2: 0.753334589372628
