MSE: 0.39635225536560964
R2: 0.5640125190978296
