MSE: 0.3207285737264973
R2: 0.6391803545576906
