MSE: 0.7358780088412739
R2: 0.19053419027459895
