MSE: 0.6866142987848963
R2: 0.23709522357233737
