MSE: 0.33144653273431596
R2: 0.6354088139922525
