MSE: 0.5530490123741234
R2: 0.37781986107911114
