MSE: 0.4429656737580501
R2: 0.5229600436451768
