MSE: 0.5707975277603986
R2: 0.37212271946356146
