MSE: 0.49742219732465476
R2: 0.4473086696392723
