MSE: 0.1488668666034943
R2: 0.82632198896259
