MSE: 0.5963946471011378
R2: 0.30420624504867266
