MSE: 0.5849914696483866
R2: 0.34188459664556525
