MSE: 0.6802721917664253
R2: 0.22254606655265696
