MSE: 0.7252582081660773
R2: 0.03298905577856359
