MSE: 0.8000861571198248
R2: 0.11101538097797237
