MSE: 0.6531706376918907
R2: 0.23796758935946094
