MSE: 0.3748296338754467
R2: 0.5783166618901224
