MSE: 0.20010565640982939
R2: 0.7798837779491876
