MSE: 0.2440305640987584
R2: 0.7424121823401995
