MSE: 0.06617769072204335
R2: 0.9303392729241649
