MSE: 0.13401782106767934
R2: 0.8642857508175399
