MSE: 0.3831688709511351
R2: 0.598584992336906
