Oracle: 89.4851976413802
Random: 41.673567789248665
_PCIe read bandwidth: 30.11674519618725
_PCIe write bandwidth: 63.12747376541071
_Long_Kernel: 76.93383023374192
_ave_Kernel_Length: 38.916830172307165
_long/short_Ratio: 38.916830172307165
_avg_Thread: 38.916830172307165
sm%: 19.3818583977883
mem%: 76.93383023374192
CPU%: 61.528132997088704
MainMem%: 54.465999111368106
