MSE: 0.11136088203900985
R2: 0.8837973404810332
