Oracle: 156.56108991679463
Random: 101.65035382974361
_Threads: 137.84747186549444
_Compute (SM) Throughput: 156.56108991679463
_DRAM Throughput: 137.84747186549444
_Memory Throughput: 137.84747186549444
_Registers: 98.89726594585889
_Static Shared Memory: 74.15124903288223
exclusive_throughput: 116.36844435436294
sm%: 71.09498890750388
mem%: 137.84747186549444
memcap: 135.61469584929552
