MSE: 0.8543458894577058
R2: 0.13835200892299726
