Oracle: 136.82027810230514
Random: 51.113182944570156
_PCIe read bandwidth: 56.926577926071324
_PCIe write bandwidth: 56.926577926071324
_Long_Kernel: 57.34167577045787
_ave_Kernel_Length: 42.54007482311734
_long/short_Ratio: 21.885761255916353
_avg_Thread: 59.32846022223773
sm%: 19.732762959705344
mem%: 78.48211061299526
CPU%: 55.24493970541715
MainMem%: 38.0438049932028
