MSE: 0.4613395973308275
R2: 0.4925264429360898
