MSE: 0.4451694010686499
R2: 0.5103136588244851
