MSE: 0.45017096996500233
R2: 0.5176739607517831
