MSE: 0.5138154016399259
R2: 0.4394741073018992
