MSE: 0.45937402802081506
R2: 0.5078135414062696
