MSE: 0.5402265240867493
R2: 0.41821758944503906
