MSE: 0.5911525825516214
R2: 0.35958470223574346
