MSE: 0.35304148913610595
R2: 0.6175383867692186
