MSE: 0.6467588764480912
R2: 0.27239626399589745
