MSE: 0.6150166216512976
R2: 0.33373199321109415
