MSE: 0.42912214206989685
R2: 0.5378684623862648
