MSE: 0.584802993161343
R2: 0.3664634240752116
