MSE: 0.5678125519388153
R2: 0.3885095594505066
