MSE: 0.6689419923347687
R2: -0.0034129885021529915
