MSE: 0.6084652628173166
R2: 0.31547657933051887
