MSE: 0.712052820883595
R2: 0.19894057650595542
