MSE: 0.4188873944443929
R2: 0.5392238661111677
