MSE: 0.6492615230974391
R2: 0.285812324592817
