MSE: 0.42545258879493486
R2: 0.5390930288054872
