MSE: 0.5971718814181987
R2: 0.2833937422981616
