MSE: 0.3239964458848863
R2: 0.6490038502913731
