MSE: 0.12455516274422397
R2: 0.8744563042181235
