MSE: 0.06833156490738775
R2: 0.9299163436847305
