MSE: 0.06588528804255522
R2: 0.9329980121601134
