MSE: 0.09768850139517782
R2: 0.9014905868283921
