MSE: 0.06436028699308396
R2: 0.9302763557574923
