MSE: 0.21107045301984717
R2: 0.7874219008871539
