MSE: 0.10720425153297611
R2: 0.891855360295682
