MSE: 0.2536647928046383
R2: 0.7232747714858492
