MSE: 0.2206261696166171
R2: 0.76240258656672
