MSE: 0.13502056047388672
R2: 0.8545932425665835
