MSE: 0.37965174436108046
R2: 0.5781647284876883
