MSE: 0.11234591789408781
R2: 0.8751712023399024
