MSE: 0.2827609217747734
R2: 0.6936756680773288
