MSE: 0.32440531244754717
R2: 0.6350440234965096
