MSE: 0.2716119896479272
R2: 0.6944365116460819
