MSE: 0.09063085202046657
R2: 0.903327091178169
