MSE: 0.052605019457526235
R2: 0.8947899610849475
