MSE: 0.15394417078442832
R2: 0.8306614121371289
