MSE: 0.08579932866897286
R2: 0.9019436243783168
