MSE: 0.13447061379191358
R2: 0.852082324828895
