MSE: 0.2049420949705046
R2: 0.7764268054867223
