MSE: 0.2206895489252633
R2: 0.7623343319266396
