MSE: 0.17437592897634555
R2: 0.80818647812602
