MSE: 0.1588329202515064
R2: 0.8235189774983263
