MSE: 0.21851344343537527
R2: 0.7268581957057809
