MSE: 0.18669306982834893
R2: 0.786636491624744
