MSE: 0.4348206978236373
R2: 0.5168658913070696
