MSE: 0.16489015767431095
R2: 0.8076281493799705
