MSE: 1.1307050460922279
R2: -0.197217107627065
