MSE: 1.1289703054300204
R2: -0.2096110415321646
