MSE: 0.7262386651124745
R2: 0.2218871445223486
