MSE: 0.6022214763495045
R2: 0.34303111670963127
