MSE: 0.9006636885665205
R2: 0.04635609445897848
