MSE: 0.7135001568428546
R2: 0.23553554623979867
