MSE: 0.770787659647945
R2: 0.1649800353813926
