MSE: 0.6950120613022599
R2: 0.2586538012775893
