MSE: 0.7587383079088115
R2: 0.18289720686743394
