MSE: 0.8586721795262279
R2: 0.07999409336475582
