MSE: 0.9281712639357345
R2: 0.009950651801883481
