MSE: 0.7386700283894257
R2: 0.20450920019600305
