MSE: 0.7768039345847735
R2: 0.028995081769033204
