MSE: 0.8284117345078281
R2: 0.11981253208543285
