MSE: 0.8853609919858697
R2: 0.026102908815543335
