MSE: 1.0062446442256174
R2: -0.09009836457775222
