MSE: 1.0850623672444952
R2: -0.17548423118153633
