MSE: 0.7468298693057478
R2: 0.14648014936485965
