MSE: 0.7263047192186419
R2: 0.2178256869953089
