MSE: 1.17370445510742
R2: -0.2910749006181621
