MSE: 0.7055371920716815
R2: 0.23566804192234503
