MSE: 0.14227772753084067
R2: 0.8561587809578315
