MSE: 0.025969444972089233
R2: 0.9725029406177879
