MSE: 0.08480627213568294
R2: 0.9086701684692645
