MSE: 0.08564608663906292
R2: 0.9065679054846586
