MSE: 0.03355798242742232
R2: 0.9636455190369592
