MSE: 0.19774291200104405
R2: 0.7870460947681064
