MSE: 0.03046577519621979
R2: 0.9677421203804731
