MSE: 0.040488032694961124
R2: 0.9554631640355428
