MSE: 0.1826510492828826
R2: 0.800744309873219
