MSE: 0.172147653931532
R2: 0.8146102188429656
