MSE: 0.08278597595062633
R2: 0.9108458720531716
