MSE: 0.10656414033228542
R2: 0.8579144795569528
