MSE: 0.08237699602184627
R2: 0.912131204243364
