MSE: 0.06856015299627312
R2: 0.9261659890809366
