MSE: 0.16306079151395314
R2: 0.8165566095468028
