MSE: 0.08082254184834323
R2: 0.9129603395479381
