MSE: 0.06531085607752679
R2: 0.9292465725826793
