MSE: 0.07154196606933728
R2: 0.9205089265896252
