MSE: 0.23465093075505325
R2: 0.7440171664490328
