MSE: 0.6092689903464065
R2: 0.26887721158431266
