MSE: 0.06956283473422101
R2: 0.9241132711990316
