MSE: 0.10779896588333322
R2: 0.883908805971795
