MSE: 0.14347917370116098
R2: 0.8528418731270144
