MSE: 0.40594636627717345
R2: 0.5701744357065222
