MSE: 0.18780468964889577
R2: 0.7987806896618974
