MSE: 0.1394358396176899
R2: 0.8599807468274243
