MSE: 0.12449626599280081
R2: 0.8685872747853769
