MSE: 0.11672464650730806
R2: 0.8742965345305913
