MSE: 0.11360919254703856
R2: 0.8760626990395943
