MSE: 0.10480418350219511
R2: 0.8871339562284053
