MSE: 0.3371906315381459
R2: 0.6253437427353934
