MSE: 0.3046880510776532
R2: 0.6572259425376402
