MSE: 0.24974496377495378
R2: 0.7294429559104667
