MSE: 0.08685853406761727
R2: 0.9022841491739306
