MSE: 0.14327536933121396
R2: 0.84080514518754
