MSE: 0.041011888548087516
R2: 0.9562539855487067
