MSE: 0.08649559202993552
R2: 0.9048548487670709
