MSE: 0.0774042882313744
R2: 0.8451914235372512
