MSE: 0.2207435722701659
R2: 0.7571820705028176
