MSE: 0.13740233950140698
R2: 0.8501065387257378
