MSE: 0.09022225496561743
R2: 0.9028375715754889
