MSE: 0.050850458472768506
R2: 0.941885190316836
