MSE: 0.11181618199819128
R2: 0.8770021998019896
