MSE: 0.0426902926592236
R2: 0.9512110941037445
