MSE: 0.11867197856681244
R2: 0.8681422460368751
