MSE: 0.20793690929350372
R2: 0.7689589896738848
