MSE: 0.19011545702008842
R2: 0.7623556787248894
