MSE: 0.047654321670548984
R2: 0.9444032913843595
