MSE: 0.4492302610275093
R2: 0.5293778217807044
