Oracle: 116.61811254199446
Random: 64.3982844991019
_PCIe read bandwidth: 47.62593220497476
_PCIe write bandwidth: 82.87488373520561
_Long_Kernel: 101.07070041251349
_ave_Kernel_Length: 68.20464531278402
_long/short_Ratio: 68.20464531278402
_avg_Thread: 68.20464531278402
sm%: 39.668718018858385
mem%: 101.07070041251349
CPU%: 82.42126821268914
MainMem%: 77.27709628580368
