MSE: 0.10373540973637724
R2: 0.8953928641313843
