MSE: 0.06250767467679552
R2: 0.9368795049832359
