MSE: 0.15437826896610304
R2: 0.8450684039049862
