MSE: 0.08276825311542955
R2: 0.9168158260146437
