MSE: 0.2256503385113633
R2: 0.7610761121644389
