MSE: 0.3468701457511142
R2: 0.6283534152666634
