MSE: 0.2649137332734661
R2: 0.7161638572070006
