MSE: 0.2670112493856039
R2: 0.7124494237385803
