MSE: 0.26709204922695823
R2: 0.7123624085248144
