MSE: 0.28548830254202623
R2: 0.695479143955172
