MSE: 0.2791679762749026
R2: 0.7008914539911759
