MSE: 0.40187445110371756
R2: 0.5579381037859106
