MSE: 0.3836935982317164
R2: 0.5923255518788013
