MSE: 0.23005204891597303
R2: 0.7535156618757431
