MSE: 0.2553222431644904
R2: 0.7191455325190607
