MSE: 0.269145332416704
R2: 0.714033084307252
