MSE: 0.12484247066775533
R2: 0.8439469116653058
