MSE: 0.278398289683012
R2: 0.7017161181967728
