MSE: 0.3240599937669361
R2: 0.6527928638211399
