MSE: 0.21479339304110148
R2: 0.7698642217416769
