MSE: 0.18287662957393871
R2: 0.8040607540279228
