MSE: 0.46474248279382835
R2: 0.4965289769733524
