MSE: 0.3051773461945682
R2: 0.664304919185975
