MSE: 0.43610804843983597
R2: 0.5015908017830446
