MSE: 0.31483434384182707
R2: 0.6589294608380207
