MSE: 0.8941097284984699
R2: 0.03138112745999122
