Oracle: 135.51315032643123
Random: 65.55662101919876
_Threads: 135.51315032643123
_Compute (SM) Throughput: 121.13461434452428
_DRAM Throughput: 135.51315032643123
_Memory Throughput: 135.51315032643123
_Registers: 135.51315032643123
_Static Shared Memory: 135.51315032643123
exclusive_throughput: 101.84024396483488
sm%: 20.826995734475403
mem%: 135.51315032643123
memcap: 101.84024396483488
