MSE: 0.230882321482285
R2: 0.7537255237522293
