MSE: 0.29782625356794706
R2: 0.680900442605771
