MSE: 0.23534672745952218
R2: 0.748963490709843
