MSE: 0.260626591715414
R2: 0.7176545256416349
