MSE: 0.26290744113354175
R2: 0.7168689095484935
