MSE: 0.3247064466613703
R2: 0.6482346827835155
