MSE: 0.27695756189472004
R2: 0.7032597551127999
