MSE: 0.25241736770380735
R2: 0.7327345518430275
