MSE: 0.3238047363560998
R2: 0.6530663539041787
