MSE: 0.179797565575605
R2: 0.8082159300526881
