MSE: 0.1883943473723238
R2: 0.7990460294695213
