MSE: 0.10217733641501665
R2: 0.8722783294812292
