MSE: 0.2846652553161902
R2: 0.6950015121612247
