MSE: 0.13447135260497667
R2: 0.8559235507803822
