MSE: 0.29309778616893123
R2: 0.6775924352141757
