MSE: 0.17607339259103794
R2: 0.8113499365096022
