MSE: 0.29746822942062773
R2: 0.6796495990854777
