MSE: 0.32113424963762643
R2: 0.6521045628925715
