MSE: 0.3170049456951703
R2: 0.6477722825609218
