MSE: 0.12016703899207612
R2: 0.862666241151913
