MSE: 0.21852840508152363
R2: 0.7658624231269389
