MSE: 0.11643106153124433
R2: 0.8738663500078186
