MSE: 0.26458022459120334
R2: 0.7165211879379965
