MSE: 0.21831013564532398
R2: 0.7680454808768433
