MSE: 0.25576818763474607
R2: 0.7291866248573278
