MSE: 0.2795175708037525
R2: 0.7030125810210128
