MSE: 0.30472230592606314
R2: 0.6698841685800982
