MSE: 0.2609520809510347
R2: 0.7173019123030459
