MSE: 0.18222203817198163
R2: 0.8076545152629083
