MSE: 0.31818887840091914
R2: 0.6573350540297794
