MSE: 0.22507707135330768
R2: 0.7599177905564718
