MSE: 0.16955306834114078
R2: 0.813491624824745
