MSE: 0.19002407952140166
R2: 0.7953586835923366
