MSE: 0.32840280418197904
R2: 0.638756915399823
