MSE: 0.25549780872900435
R2: 0.7248485136764569
