MSE: 0.13458849845287912
R2: 0.856999720393816
