MSE: 0.22670319816814094
R2: 0.7166210022898238
