MSE: 0.31640819955977656
R2: 0.6519509804842458
