MSE: 0.17268742005521925
R2: 0.8026429485083209
