MSE: 0.2672919210508918
R2: 0.7121471619451936
