MSE: 0.4166330327954016
R2: 0.5486475478049817
