MSE: 0.12644112665038068
R2: 0.863022112795421
