MSE: 0.2373206458109756
R2: 0.7457278794882405
