MSE: 0.397487345698524
R2: 0.5760134979215745
