MSE: 0.3570077432543167
R2: 0.6155301226491974
