MSE: 0.37977062139730344
R2: 0.5910162538798269
