MSE: 0.44044636185604263
R2: 0.5195130597934079
