MSE: 0.4556659698417627
R2: 0.5092828017088709
