MSE: 0.5086734166382053
R2: 0.4614046176771943
