MSE: 0.4534923925883003
R2: 0.4961195637907775
