MSE: 0.458682740314537
R2: 0.5085542068058533
