MSE: 0.9968681417148471
R2: -0.07994048685775113
