MSE: 0.5684605930518729
R2: 0.36837711883125224
