MSE: 0.28240331532490015
R2: 0.6974250192947498
