MSE: 0.6125388788903858
R2: 0.18328149481281863
