MSE: 0.569882961233824
R2: 0.3862798879020356
