MSE: 0.5320551118607971
R2: 0.4270175718422182
