MSE: 0.5921622542080782
R2: 0.3584908912745819
