MSE: 0.23531385793278756
R2: 0.7450766539061469
