MSE: 0.7335137389699096
R2: 0.14423397120177195
