MSE: 0.46781381811883865
R2: 0.4987709091583872
