MSE: 0.5866950157870738
R2: 0.34811664912547335
