MSE: 0.5037804133639411
R2: 0.4542378855223971
