MSE: 0.5808886058077019
R2: 0.3663033391188705
