MSE: 0.2106712040095295
R2: 0.7769363722252041
