MSE: 0.6107237091992677
R2: 0.3129358271508238
