MSE: 0.39671209678500613
R2: 0.5592087813499933
