MSE: 0.705813786104769
R2: 0.22360483528475372
