MSE: 0.8410463148292481
R2: 0.05382289581709587
