MSE: 0.3524063153895427
R2: 0.5972499252690939
