MSE: 1.1516421721340004
R2: -0.34358253415633344
