MSE: 0.8744570939583914
R2: 0.028381006712898227
