MSE: 0.2579289999286172
R2: 0.7205769167439982
