MSE: 0.17390595339740905
R2: 0.80870345126285
