MSE: 0.22596137772000513
R2: 0.7489318025333276
