MSE: 0.4209057839945975
R2: 0.5370036376059428
