MSE: 0.23767126312028083
R2: 0.7147944842556628
