MSE: 0.40021151358278406
R2: 0.5553205404635733
