MSE: 0.43199302030264025
R2: 0.506293691082697
