MSE: 0.2570997567737019
R2: 0.6143503648394472
