MSE: 0.10140276212978251
R2: 0.8841111289945343
