MSE: 0.5698271520847245
R2: 0.3352016559011546
