MSE: 0.4086117995155079
R2: 0.5096658405813905
