MSE: 0.311737536596918
R2: 0.6259149560836984
