MSE: 0.7949526215526722
R2: 0.07255527485521585
