MSE: 0.14422221514733496
R2: 0.8269333418231981
