MSE: 0.04798696496128414
R2: 0.9472143385425874
