MSE: 0.18214317262079455
R2: 0.7918363741476634
