MSE: 0.012120548844354987
R2: 0.9865327235062722
