MSE: 0.27599789413607984
R2: 0.6550026323299001
