MSE: 0.14086538422348274
R2: 0.8390109894588769
