MSE: 0.08495445542372071
R2: 0.8980546534915351
