MSE: 0.13013242341087605
R2: 0.848178839353978
