MSE: 0.1570461457245746
R2: 0.7644307814131381
