MSE: 0.07490284748771371
R2: 0.9157342965763221
