MSE: 0.5097640572784492
R2: 0.3203145902954011
