MSE: 0.026711077287741348
R2: 0.9679467072547103
