MSE: 0.17173411476878422
R2: 0.8067991208851177
