MSE: 0.06586457909743036
R2: 0.9231579910529979
