MSE: 0.41392280614610916
R2: 0.517090059496206
