MSE: 0.22708452877998447
R2: 0.7350680497566848
