MSE: 0.15733121583459617
R2: 0.8033359802067547
