MSE: 0.06488875846760053
R2: 0.9258414188941708
