MSE: 0.10233233954087517
R2: 0.8830487548104283
