MSE: 1.7914725009801216
R2: -2.5829450019602422
