Oracle: 94.70793568702607
Random: 40.27570873469445
_PCIe read bandwidth: 57.93820792147126
_PCIe write bandwidth: 57.93820792147126
_Long_Kernel: 25.62055861861243
_ave_Kernel_Length: 8.766203176566364
_long/short_Ratio: 8.766203176566364
_avg_Thread: 68.5672618509105
sm%: 12.742258925834797
mem%: 68.5672618509105
CPU%: 57.93820792147126
MainMem%: 36.16460293498649
