MSE: 0.5585136374732312
R2: 0.3907123954837477
