MSE: 0.6477192473646368
R2: 0.28031194737262566
