MSE: 0.6794873600142632
R2: 0.25256390398431006
