MSE: 0.4931555249710368
R2: 0.4452000344075836
