MSE: 0.9012105050700608
R2: -0.0013450056334010085
