MSE: 0.44016935421944997
R2: 0.525971464686746
