MSE: 0.28611378616569794
R2: 0.6878758696374205
