MSE: 0.8029746336004553
R2: 0.1078059626661606
