MSE: 1.0371670664545973
R2: -0.1668129497614217
