MSE: 0.46963146290610797
R2: 0.4834053908032814
