MSE: 0.3712133217930501
R2: 0.5669177912414416
