MSE: 0.4225122659701676
R2: 0.5449867904936656
