MSE: 0.41872039032461184
R2: 0.5289395608848115
