MSE: 0.6286520786972709
R2: 0.30848271343300215
