MSE: 0.42808609915300844
R2: 0.5184031384528655
