MSE: 0.5417957536273135
R2: 0.2776056618302487
