MSE: 0.40665206388128455
R2: 0.5255725921385013
