MSE: 0.4908352564883158
R2: 0.42735886743029816
