MSE: 0.6767771879103317
R2: 0.23862566360087667
