MSE: 0.29094364619281265
R2: 0.676729282007986
