MSE: 0.10760672924354764
R2: 0.8915392490957893
