MSE: 0.21109966951183004
R2: 0.7466803965858039
