MSE: 0.018337856854741166
R2: 0.9790424493088672
