MSE: 0.2965651104416167
R2: 0.661068445209581
