MSE: 0.05505280445323855
R2: 0.9388302172741794
