MSE: 0.07624404128267696
R2: 0.9128639528197977
