MSE: 0.27279283030127205
R2: 0.6817416979818494
