MSE: 0.1263609583253019
R2: 0.8621516818269435
