MSE: 0.4596564972353231
R2: 0.4746782888739165
