MSE: 0.0677056846352811
R2: 0.9226220747025359
