MSE: 0.06652248240546794
R2: 0.9223904371936207
