MSE: 0.09203060672305348
R2: 0.8895632719323359
