MSE: 0.08244611563508325
R2: 0.896942355456146
