MSE: 0.07980410326914603
R2: 0.906895212852663
