MSE: 0.2452906040226649
R2: 0.7196678811169543
