MSE: 0.07040403104543691
R2: 0.8591919379091262
