MSE: 0.1569107793094304
R2: 0.816937424138998
