MSE: 0.23577541985708989
R2: 0.730542377306183
