MSE: 0.1251123269544931
R2: 0.8570144834805793
