MSE: 0.23013833493193123
R2: 0.6931488867574251
