MSE: 0.13019251758042602
R2: 0.848108729489503
