MSE: 0.11789364339352607
R2: 0.8755567097512781
