MSE: 0.09111765113332679
R2: 0.9080830712251529
