MSE: 0.12633806842792025
R2: 0.872600267131509
