MSE: 0.32875134524919425
R2: 0.6459600897316369
