MSE: 0.3823893245230526
R2: 0.5881961120520973
