MSE: 0.4931421698500567
R2: 0.46202672379993814
