MSE: 0.27307069299257675
R2: 0.6965881188971369
