MSE: 0.6852028057360157
R2: 0.23866354918220467
