MSE: 0.5573436666545691
R2: 0.3729883750136098
