MSE: 0.2130787705875812
R2: 0.7727159780399134
