MSE: 0.363137969187508
R2: 0.5914697846640535
