MSE: 0.3301125233000958
R2: 0.6423780997582296
