MSE: 0.2997978006076134
R2: 0.6702224193316253
