MSE: 0.2903974892613312
R2: 0.687264242333951
