MSE: 0.30783147424069934
R2: 0.6641838462828735
