MSE: 0.08716648901359692
R2: 0.8256670219728062
