MSE: 0.24996142647015504
R2: 0.7250424308828294
