MSE: 0.2230215719858905
R2: 0.7451182034446966
