MSE: 0.4887933417313202
R2: 0.4568962869651998
