MSE: 0.20970851509850175
R2: 0.7603331256017123
