MSE: 0.26272860291390915
R2: 0.7109985367946999
