MSE: 0.20990182265157623
R2: 0.7376227216855297
