MSE: 0.22002198611058482
R2: 0.7433076828709844
