MSE: 0.2752779384244174
R2: 0.6941356239728695
