MSE: 0.20342303770152667
R2: 0.7939689746356333
