MSE: 0.18456819630338492
R2: 0.813285661879134
