MSE: 0.3436662281936627
R2: 0.6391504603966541
