MSE: 0.12348921722811848
R2: 0.8751232634771835
