MSE: 0.4495889340416388
R2: 0.5453595049017135
