Oracle: 237.77799074726983
Random: 99.34305416318264
_PCIe read bandwidth: 132.6552985824673
_PCIe write bandwidth: 132.6552985824673
_Long_Kernel: 184.90428772451725
_ave_Kernel_Length: 184.90428772451725
_long/short_Ratio: 84.18003347471381
_avg_Thread: 184.90428772451725
sm%: 61.40784143854784
mem%: 184.90428772451725
CPU%: 132.6552985824673
MainMem%: 140.00209072362838
