MSE: 0.0614667348183604
R2: 0.9317036279795996
