MSE: 0.19767288500136287
R2: 0.7776180043734667
