MSE: 0.18276798433941535
R2: 0.798955217226643
