MSE: 0.16585803604566318
R2: 0.8175561603497705
