MSE: 0.3674758716363347
R2: 0.5712781497576096
