MSE: 0.06473769499520726
R2: 0.9260140628626202
