MSE: 0.14327040496471524
R2: 0.8408106611503163
