MSE: 0.029906162797265344
R2: 0.9676016569696292
