MSE: 0.34197316350986307
R2: 0.6152801910514041
