MSE: 0.07808375854008807
R2: 0.9062994897518943
