MSE: 0.23610881839163753
R2: 0.7402802997691987
