MSE: 0.31481718095128797
R2: 0.6502031322763467
