MSE: 0.23686707551254696
R2: 0.7292947708428035
