MSE: 0.051315749110644085
R2: 0.9429825009881733
