MSE: 0.04228430928547529
R2: 0.9506683058336122
