MSE: 0.5880818801201663
R2: 0.29430174385580066
