MSE: 0.08121674956887781
R2: 0.9025399005173467
