MSE: 0.4380789638714015
R2: 0.3428815541928978
