MSE: 0.15438160773424542
R2: 0.8198881243100471
