MSE: 0.20847807172085708
R2: 0.7617393466047349
