MSE: 0.13525712382783162
R2: 0.8572285915150667
