MSE: 0.06723425744691433
R2: 0.9316451715956371
