MSE: 0.12832762244419121
R2: 0.8652559964335992
