MSE: 0.20610211609481502
R2: 0.7912212330468108
