Oracle: 198.0451028926597
Random: 85.21921021596161
_Threads: 184.90428772451725
_Compute (SM) Throughput: 198.0451028926597
_DRAM Throughput: 184.90428772451725
_Memory Throughput: 120.37842383080152
_Registers: 184.90428772451725
_Static Shared Memory: 34.64406508114433
exclusive_throughput: 118.27360058594493
sm%: 48.83653109960373
mem%: 120.37842383080152
memcap: 122.6003995492882
