MSE: 0.2846373354374379
R2: 0.6934674849135285
