MSE: 0.23629422837264794
R2: 0.7440145859296314
