MSE: 0.14486718434321133
R2: 0.8447851596322735
