MSE: 0.2864512026066522
R2: 0.6896778638427936
