MSE: 0.1968696901806204
R2: 0.7879864874977934
