MSE: 0.23904793556049714
R2: 0.7425637617040799
