MSE: 0.2978285421539415
R2: 0.6823162217024624
