MSE: 0.43725916254815744
R2: 0.5080834421333229
