MSE: 0.2646795522507203
R2: 0.7149604821915319
