MSE: 0.25019039881258887
R2: 0.7319388584150833
