MSE: 0.24743619670125114
R2: 0.7335302497063447
