MSE: 0.14850005291849247
R2: 0.80199992944201
