MSE: 0.233520880278275
R2: 0.7497990568447053
