MSE: 0.27009599793014677
R2: 0.7118976022078434
