MSE: 0.28261360201307706
R2: 0.6859848866521367
