MSE: 0.2523141103455834
R2: 0.7196509885049073
