MSE: 0.5772091482357928
R2: 0.37031729283368064
