MSE: 0.18876380378990612
R2: 0.7967159036108704
