MSE: 0.3573472616723293
R2: 0.6128737998549767
