MSE: 0.46777746564189127
R2: 0.4542596234177937
