MSE: 0.1570581893123276
R2: 0.8308604115098011
