MSE: 0.40524679123031265
R2: 0.5771337830640215
