Oracle: 85.15164490621788
Random: 40.108263513782425
_PCIe read bandwidth: 27.723890690853104
_PCIe write bandwidth: 62.052388683767134
_Long_Kernel: 73.1486169874054
_ave_Kernel_Length: 40.36618906946356
_long/short_Ratio: 40.36618906946356
_avg_Thread: 40.36618906946356
sm%: 28.445379020391137
mem%: 73.1486169874054
CPU%: 60.657601565935245
MainMem%: 52.16490699586926
