MSE: 0.48009786828605133
R2: 0.5135850544996585
