Oracle: 193.9162084128093
Random: 81.52661754897717
_PCIe read bandwidth: 106.73570436591464
_PCIe write bandwidth: 106.73570436591464
_Long_Kernel: 153.00573623773775
_ave_Kernel_Length: 153.00573623773775
_long/short_Ratio: 57.875194876919835
_avg_Thread: 153.00573623773775
sm%: 68.98114367882376
mem%: 153.00573623773775
CPU%: 106.73570436591464
MainMem%: 101.30975620299651
