MSE: 0.15065883586434312
R2: 0.847906318079806
