MSE: 0.17658693893350405
R2: 0.8228594969946041
