MSE: 0.129460223113599
R2: 0.869282881516366
