MSE: 0.08908699193238158
R2: 0.9096218922425114
