MSE: 0.318236586400212
R2: 0.6796558865375348
