MSE: 0.057740733206809634
R2: 0.9381349287069897
