MSE: 0.1074981420454457
R2: 0.8842327701049046
