MSE: 0.06826881180490153
R2: 0.92604212054469
