MSE: 0.16564269920911873
R2: 0.8136519633897414
