MSE: 0.2221564886211414
R2: 0.7593304706604302
