MSE: 0.15976862034458886
R2: 0.8279414857827505
