MSE: 0.16597284629546233
R2: 0.8212600116818098
