MSE: 0.24308252546264777
R2: 0.7407119728398424
