MSE: 0.14225625122763774
R2: 0.8468009602163901
