MSE: 0.09118705166395054
R2: 0.9027338115584528
