MSE: 0.21997663984558735
R2: 0.7066978135392168
