MSE: 0.10091080176796333
R2: 0.8913268288652703
