MSE: 0.2282976730029171
R2: 0.7553953503540174
