MSE: 0.07952679241764352
R2: 0.9116368973137294
