MSE: 0.1335668821692743
R2: 0.8568926262472061
