MSE: 0.11529561758465386
R2: 0.8750964142832917
