MSE: 0.07118066047482853
R2: 0.9233439041040308
