MSE: 0.5679302875410108
R2: 0.33741466453548763
