MSE: 0.1178391944257883
R2: 0.8690675617491241
