MSE: 0.08069947715529867
R2: 0.9130928707558322
