MSE: 0.5980118312621455
R2: 0.34762345680493223
