MSE: 0.3214128718841238
R2: 0.6764585660504183
