MSE: 0.18792090936135328
R2: 0.8093945062191988
