MSE: 0.1968166791216933
R2: 0.7703805410246911
