MSE: 0.11452079694522808
R2: 0.8849037216630873
