MSE: 0.7417106885727192
R2: 0.21708316206212974
