MSE: 0.13368088141927498
R2: 0.8646269555247849
