MSE: 0.4553145959486349
R2: 0.5393910482845204
