Oracle: 166.93006896478116
Random: 66.2628599545376
_PCIe read bandwidth: 101.59210934393168
_PCIe write bandwidth: 101.59210934393168
_Long_Kernel: 120.37842383080152
_ave_Kernel_Length: 120.37842383080152
_long/short_Ratio: 45.77939825140308
_avg_Thread: 120.37842383080152
sm%: 37.216822781626064
mem%: 120.37842383080152
CPU%: 101.59210934393168
MainMem%: 88.33765438440916
