MSE: 0.15089761743553015
R2: 0.8402260521270858
