MSE: 0.2765096048631178
R2: 0.7174793167702925
