MSE: 0.1516773957131625
R2: 0.8470894547281939
