MSE: 0.4655482821373814
R2: 0.4180646473282732
