MSE: 0.2871465947666339
R2: 0.6554240862800393
