MSE: 0.04060192845039554
R2: 0.954322830493305
