MSE: 0.16586438838360215
R2: 0.8009627339396774
