MSE: 0.11374843361237112
R2: 0.8293773495814434
