MSE: 0.10754988567621186
R2: 0.8655626429047352
