MSE: 0.3327728044160714
R2: 0.5840339944799107
