MSE: 0.08024203115756347
R2: 0.8996974610530457
