MSE: 0.026116462233051956
R2: 0.9673544222086851
