MSE: 0.46806036375957577
R2: 0.2979094543606363
