MSE: 0.057458200843479156
R2: 0.9343334847503095
