MSE: 0.37668562185974575
R2: 0.5291429726753177
