MSE: 0.15718220887125484
R2: 0.8035222389109314
