MSE: 0.31414513686393314
R2: 0.6230258357632802
