MSE: 0.1345972371791288
R2: 0.8384833153850455
