MSE: 0.03251148806123064
R2: 0.9609862143265232
