MSE: 0.36085936024067833
R2: 0.5489257996991521
