MSE: 0.5895865367793718
R2: 0.1156201948309421
