MSE: 0.19556967748175158
R2: 0.7653163870218981
