MSE: 0.37405929706636293
R2: 0.6072377380803188
