Oracle: 111.6936463105265
Random: 62.95355987999284
_Threads: 95.80329100139396
_Compute (SM) Throughput: 110.03631745002166
_DRAM Throughput: 95.80329100139396
_Memory Throughput: 95.80329100139396
_Registers: 62.79540386243244
_Static Shared Memory: 55.89704189512989
exclusive_throughput: 65.53332868674383
sm%: 51.7078453936235
mem%: 95.80329100139396
memcap: 70.4325907136153
