MSE: 3.3841352288388653e+25
R2: -3.468738609559837e+25
