MSE: 0.06222314533447056
R2: 0.936181389400543
