MSE: 0.514334076811951
R2: 0.463303572022312
