Oracle: 143.76901894366563
Random: 83.54171029214346
_PCIe read bandwidth: 62.19454156271855
_PCIe write bandwidth: 99.02636786808112
_Long_Kernel: 128.25622445187662
_ave_Kernel_Length: 106.13902332527104
_long/short_Ratio: 106.13902332527104
_avg_Thread: 106.13902332527104
sm%: 56.125761066508026
mem%: 128.25622445187662
CPU%: 95.84432274724549
MainMem%: 95.78836568896631
