MSE: 0.12542879998199688
R2: 0.8739409045407066
