MSE: 0.2872969310760965
R2: 0.6552436827086843
