MSE: 0.02356046132597665
R2: 0.971727446408828
