MSE: 0.07179883369184138
R2: 0.9162346940261851
