MSE: 0.42380513429231176
R2: 0.491433838849226
