MSE: 0.486254080210223
R2: 0.35166122638636954
