MSE: 0.18462369010454563
R2: 0.7846056948780301
