MSE: 0.11174370002799591
R2: 0.8696323499673382
