MSE: 0.23016624479225206
R2: 0.7314727144090392
