MSE: 0.3938337726695661
R2: 0.5405272652188395
