MSE: 0.11413225247596688
R2: 0.8630412970288397
