MSE: 0.15365745781746698
R2: 0.7695138132737994
