MSE: 0.2105712135239651
R2: 0.7543335842220406
