MSE: 0.051201434180625206
R2: 0.9359982072742185
