MSE: 0.05911248633493142
R2: 0.9211833515534248
