MSE: 0.1406447054174323
R2: 0.7187105891651353
