MSE: 0.19961065486753657
R2: 0.7338524601766179
