MSE: 0.15951581396628772
R2: 0.8006052325421404
