MSE: 0.08285605614542388
R2: 0.8964299298182201
