MSE: 0.09155793935024517
R2: 0.8953623550282912
