MSE: 0.10568864706412039
R2: 0.893285249566325
