MSE: 0.1600732632258127
R2: 0.8389199866910061
