MSE: 0.12109904652435642
R2: 0.8782924155534106
