MSE: 0.1398740021780787
R2: 0.8589201874583172
