MSE: 0.11122118947541204
R2: 0.8879786580823188
