MSE: 0.12061096785090829
R2: 0.8783402411243012
