MSE: 0.15223660743473716
R2: 0.8350770086123681
