MSE: 0.1789920293360145
R2: 0.8031087677303841
