MSE: 0.04560208069685938
R2: 0.9498377112334547
