MSE: 0.16024680919031734
R2: 0.8237285098906509
