MSE: 0.1459785460809284
R2: 0.8418565750789943
