MSE: 0.2960920925362872
R2: 0.671008786070792
