MSE: 0.2413601811798798
R2: 0.7366979841674038
