MSE: 0.11940632653779719
R2: 0.8726332516930163
