MSE: 0.44034892381855123
R2: 0.50460746070413
