MSE: 0.09653968711081161
R2: 0.8938063441781072
