MSE: 0.31426648109583993
R2: 0.6508150210046224
