MSE: 0.06313427895139419
R2: 0.9311262411439336
