MSE: 0.43207021012280367
R2: 0.13585957975439245
