MSE: 0.09168099205001792
R2: 0.895221723371408
