MSE: 0.10829047620693764
R2: 0.8762394557634998
