MSE: 0.1620207764678905
R2: 0.8217771458853205
