MSE: 0.06827848421697946
R2: 0.9146518947287756
