MSE: 0.26557197899785895
R2: 0.6901660245024979
