MSE: 0.17432794980766422
R2: 0.8082392552115694
