MSE: 0.12733550100616073
R2: 0.8599309488932232
