MSE: 0.17274222968263034
R2: 0.8080641892415219
