MSE: 0.05463707177179525
R2: 0.9432615023908281
