MSE: 0.04546232016955479
R2: 0.9480430626633659
