MSE: 0.18853121583555324
R2: 0.7800469148585212
