MSE: 0.04026784456608334
R2: 0.9530208480062361
