MSE: 0.18374383618509485
R2: 0.7703202047686315
