MSE: 0.11122100104048036
R2: 0.8748763738294596
