MSE: 0.04291287718526343
R2: 0.9523190253497072
