MSE: 0.12254380017029584
R2: 0.859949942662519
