MSE: 0.18398846569787464
R2: 0.7792138411625505
