MSE: 0.28191157225050106
R2: 0.6617061132993988
