MSE: 0.12095799361903214
R2: 0.8488025079762098
