MSE: 0.18512252836902443
R2: 0.7917371555848475
