MSE: 0.16637728382279351
R2: 0.8098545327739503
