MSE: 0.07820016678556839
R2: 0.9131109257938129
