MSE: 0.07040310144646861
R2: 0.8943953478302971
