MSE: 0.14971752027233376
R2: 0.8003766396368883
