MSE: 0.07090729420774408
R2: 0.9172748234242986
