MSE: 0.10036693061654299
R2: 0.8829052476140331
