MSE: 0.17646654616006202
R2: 0.7794168172999225
