MSE: 0.16738201800299757
R2: 0.7907724774962531
