MSE: 0.16507581056030632
R2: 0.8337365936802671
