MSE: 0.14031600261294078
R2: 0.8518886639085625
