Oracle: 73.0154545681043
Random: 33.58993158761504
_Threads: 68.22800334992768
_Compute (SM) Throughput: 73.0154545681043
_DRAM Throughput: 68.22800334992768
_Memory Throughput: 68.22800334992768
_Registers: 18.08921868686833
_Static Shared Memory: 6.413853813122337
exclusive_throughput: 58.35473015782569
sm%: 7.75554102540141
mem%: 68.22800334992768
memcap: 65.50056994125812
