MSE: 0.13081659025288708
R2: 0.858282027226039
