MSE: 0.20481164382254058
R2: 0.7805589530472781
