MSE: 0.248710612925299
R2: 0.7305635026642594
