MSE: 0.1732941662355996
R2: 0.8109518186520732
