MSE: 0.2896237692301464
R2: 0.6862409166673415
