MSE: 0.4065767976886659
R2: 0.5482480025681491
