MSE: 0.2647503997874627
R2: 0.714884184844271
