MSE: 0.19558178431517903
R2: 0.7921943541651222
