MSE: 0.36468406930258873
R2: 0.5897304220345878
