MSE: 0.17121931150211364
R2: 0.8145124125393768
