MSE: 0.22055670066553382
R2: 0.7593926901830539
