MSE: 0.143252541985848
R2: 0.8437244996518022
