MSE: 0.16097076568929514
R2: 0.8243955283389507
