MSE: 0.29173963633889505
R2: 0.671792909118743
