MSE: 0.7557854412161623
R2: -0.1336781618242433
