MSE: 0.18588045531365857
R2: 0.7986295067435365
