MSE: 0.25307834529083684
R2: 0.7239145324099963
