MSE: 0.24757640006407317
R2: 0.7276659599295194
