MSE: 0.2085360318349923
R2: 0.7616731064742945
