MSE: 0.1294996538312773
R2: 0.8446004154024673
