MSE: 0.2849868894586964
R2: 0.6865144215954341
