MSE: 0.12895300551586453
R2: 0.8700395491285428
