MSE: 0.04888010340870432
R2: 0.9429732126898449
