MSE: 0.1570821451533514
R2: 0.8115014258159784
