MSE: 0.019298084883435943
R2: 0.9768422981398769
