MSE: 0.17542386817847935
R2: 0.7953388204584407
