MSE: 0.6596404528563932
R2: 0.12047939619147607
