MSE: 0.08243537729803004
R2: 0.9038253931522984
