MSE: 0.119868169088428
R2: 0.8601538027301674
