MSE: 0.5304216890507032
R2: 0.3634939731391563
