MSE: 0.35594392351535664
R2: 0.584732089232084
