MSE: 0.03155947107484233
R2: 0.9621286347101892
