MSE: 0.20371893299549818
R2: 0.762327911505252
