MSE: 0.046278670309473004
R2: 0.938295106254036
