MSE: 0.04304192261209729
R2: 0.935437116081854
