MSE: 0.15305814893417488
R2: 0.8086773138322814
