MSE: 0.13774439596582222
R2: 0.8278195050427223
