MSE: 0.11820562576281284
R2: 0.864907856271071
