MSE: 0.1666553630519727
R2: 0.7777928492640364
