MSE: 0.0069269999735225565
R2: 0.9861460000529548
