MSE: 0.04173898252032866
R2: 0.9478262718495891
