MSE: 0.552212032988615
R2: 0.38643107445709446
