MSE: 0.5676073118218116
R2: 0.38509207885970387
