MSE: 0.40161935161807977
R2: 0.5582187132201123
