MSE: 0.5503053944092683
R2: 0.38090643128957313
