MSE: 0.6459603375211368
R2: 0.29531599543148734
