MSE: 0.39705711531133014
R2: 0.5462204396441943
