MSE: 0.4479896127868212
R2: 0.5112840587780134
