MSE: 0.4944065551334984
R2: 0.46064739439981994
