MSE: 0.5627682046862822
R2: 0.36688576972793263
