MSE: 0.4037543654488491
R2: 0.5625994374304135
