MSE: 0.7557955177442552
R2: 0.16022720250638356
