MSE: 0.38758701262811684
R2: 0.5693477637465368
