MSE: 0.6262710903925095
R2: 0.2693503945420722
