MSE: 0.6348715848413972
R2: 0.23815409819032352
