MSE: 0.20156746492051708
R2: 0.7696371829479804
