MSE: 0.716549770742525
R2: 0.04460030567663331
