MSE: 0.3972575971555266
R2: 0.5630166431289207
