MSE: 0.6036403926607216
R2: 0.3209045582566883
