MSE: 0.553153543939483
R2: 0.38538495117835225
