MSE: 0.4118774209877918
R2: 0.5194763421809097
