MSE: 0.7205310645741347
R2: 0.2314335311209229
