MSE: 0.12704698710475792
R2: 0.8716951219338088
