MSE: 0.1637296561232948
R2: 0.8226262058664306
