MSE: 0.08146039867836996
R2: 0.910393561453793
