MSE: 0.29885045459978254
R2: 0.6712644999402391
