MSE: 0.2154289350485998
R2: 0.7666186536973502
