MSE: 0.39536562160829175
R2: 0.5607048648796759
