MSE: 0.5042776603312515
R2: 0.4326876321273422
