MSE: 0.3451884835303162
R2: 0.623430745239655
