MSE: 0.09088338444226057
R2: 0.9000282771135134
