MSE: 0.19305970846705234
R2: 0.7940696443018108
