MSE: 0.23403339954294508
R2: 0.7425632605027604
