MSE: 0.09004740614424656
R2: 0.8970886786922897
