MSE: 0.9113118006691275
R2: -0.8226236013382555
