MSE: 0.08918979191198047
R2: 0.9027020451869304
