MSE: 0.2363458946354909
R2: 0.7298904061308675
