MSE: 0.15035798276581383
R2: 0.8329355747046514
