MSE: 0.1973512034416034
R2: 0.7807208850648851
