MSE: 0.12069163425575231
R2: 0.859193093368289
