MSE: 0.2857221923054673
R2: 0.6857055884639859
