MSE: 0.20544992591612912
R2: 0.774005081492258
