MSE: 0.11346265507642661
R2: 0.8581716811544667
