MSE: 0.2705968718568663
R2: 0.7023434409574469
