MSE: 0.05882763780109012
R2: 0.9327684139416113
