MSE: 0.259265612941114
R2: 0.6888812644706632
