MSE: 0.046257704663539886
R2: 0.9383230604486135
