MSE: 0.09829702205792228
R2: 0.8771287224275972
