MSE: 0.21626947313431305
R2: 0.7296631585821087
