MSE: 0.10789584482181201
R2: 0.8786171745754615
