MSE: 0.3547369857032655
R2: 0.5565787678709182
