MSE: 0.1227515298431454
R2: 0.8597125373221195
