MSE: 0.07688686702443201
R2: 0.9077357595706816
