MSE: 0.10888179897195006
R2: 0.8775079761565562
