MSE: 0.2893043355574263
R2: 0.6693664736486556
