MSE: 0.1335934391808231
R2: 0.7996098412287653
