MSE: 0.15919850641606784
R2: 0.8089617923007186
