MSE: 0.15890678633059735
R2: 0.7881242848925369
