MSE: 0.112262083986291
R2: 0.850317221351612
