MSE: 0.11402767452879219
R2: 0.8289584882068117
