MSE: 0.12011497295036462
R2: 0.8398467027328472
