MSE: 0.1068554679205379
R2: 0.8753352874260392
