MSE: 0.20765808630561466
R2: 0.7231225515925137
