MSE: 0.037459713300684615
R2: 0.9562970011492012
