MSE: 0.5269544275214219
R2: 0.3852198345583412
