MSE: 0.0730336672320128
R2: 0.908707915959984
