MSE: 0.2731848819202115
R2: 0.6357534907730513
