MSE: 0.3355873588294873
R2: 0.580515801463141
