MSE: 0.29516133324880084
R2: 0.6064515556682655
