MSE: 0.09572182707099676
R2: 0.8906036262045751
