MSE: 0.19258052301140952
R2: 0.7799079737012462
