MSE: 0.3167142433201088
R2: 0.6199429080158695
