MSE: 0.06353212695784131
R2: 0.9237614476505904
