MSE: 0.042882856699175104
R2: 0.9485405719609898
