MSE: 1.1946999999988634
R2: -0.7920499999982953
