MSE: 0.0692882986947126
R2: 0.9191636515228353
