MSE: 0.04733192071969469
R2: 0.9368907723737404
