MSE: 0.16256928191819214
R2: 0.8049168616981695
