MSE: 0.18768784888636839
R2: 0.7184682266704474
