MSE: 0.023495927602747307
R2: 0.9725880844634615
