MSE: 0.24871911108357153
R2: 0.6891011111455356
