MSE: 0.14048936058670655
R2: 0.8360957459821756
