MSE: 0.11534763687663273
R2: 0.873117599435704
