MSE: 0.06996289027392591
R2: 0.9250397604207936
