MSE: 0.10965622553307944
R2: 0.8793781519136127
