MSE: 0.28145409412490485
R2: 0.6929591700455584
