MSE: 0.19577081072889305
R2: 0.7879149550436992
