MSE: 0.15954037534759427
R2: 0.8281872880872061
