MSE: 0.1151128455320545
R2: 0.8752944173402742
