MSE: 0.26853661379171284
R2: 0.712282199508879
