MSE: 0.14585125546965616
R2: 0.8359173375966369
