MSE: 0.09108252044227126
R2: 0.9019111318314001
