MSE: 0.13235073447942217
R2: 0.8014738982808667
