MSE: 0.07996099799497466
R2: 0.9133755855054441
