MSE: 0.22701556323390287
R2: 0.7540664731632718
