MSE: 0.07677991671902988
R2: 0.9136225936910913
