MSE: 0.11804997906615076
R2: 0.8728692533133762
