MSE: 0.545906968112042
R2: 0.3995023350767538
