MSE: 0.5734169665259854
R2: 0.31189964016881755
