MSE: 0.07715726843756988
R2: 0.9164129591926327
