MSE: 0.09427708152502245
R2: 0.8962952103224753
