MSE: 0.0931893275685747
R2: 0.8990448951340441
