MSE: 0.17584483171306903
R2: 0.8021745643227973
