MSE: 0.19096421679898884
R2: 0.7899393615211123
