MSE: 0.0766342872177351
R2: 0.9178918351238552
