MSE: 0.11449736756812845
R2: 0.8740528956750587
