MSE: 0.2410628344537939
R2: 0.7388485960083899
