MSE: 0.19442961235413772
R2: 0.7812666861015951
