MSE: 0.3169008745225031
R2: 0.6604633487258895
