MSE: 0.29161986550456814
R2: 0.6818692376313804
