MSE: 0.16423924850912183
R2: 0.8231269631440226
