MSE: 0.1162243050954287
R2: 0.8740903361466189
