MSE: 0.13935348140344145
R2: 0.849033728479605
