MSE: 0.23165338007096314
R2: 0.6525199298935553
