MSE: 0.1482341296578268
R2: 0.8394130262040209
