MSE: 0.09206217812040601
R2: 0.8964300496145432
