MSE: 0.12289502664890695
R2: 0.8676515097627155
