MSE: 0.12416372637136987
R2: 0.8662852177539093
