MSE: 0.3829290901362572
R2: 0.5787780008501171
