MSE: 0.6870144183708895
R2: 0.17558269795493264
