MSE: 0.13850678214755796
R2: 0.8476425396376862
