MSE: 0.13490195263568308
R2: 0.85385621797801
