MSE: 0.18975331045748473
R2: 0.7865275257353297
