MSE: 0.10366614356336953
R2: 0.887695011139683
