MSE: 0.3308839450391582
R2: 0.6648188608694241
