MSE: 0.3387250221283571
R2: 0.646547802996497
