Oracle: 143.76901894366563
Random: 83.54171029214346
_Threads: 128.25622445187662
_Compute (SM) Throughput: 141.4645642944826
_DRAM Throughput: 128.25622445187662
_Memory Throughput: 128.25622445187662
_Registers: 106.13902332527104
_Static Shared Memory: 58.90127875530955
exclusive_throughput: 84.29382476601725
sm%: 56.125761066508026
mem%: 128.25622445187662
memcap: 95.78836568896631
