MSE: 0.12399986969340619
R2: 0.8744305117028798
