MSE: 0.13748532115522655
R2: 0.8618237978339431
