MSE: 0.17818601986700036
R2: 0.8106773538913121
