MSE: 0.1358945645502345
R2: 0.8629339305829532
