MSE: 0.16767644037624999
R2: 0.8301172906714309
