MSE: 0.09607225519758737
R2: 0.8991241320425332
