MSE: 0.08610172332417307
R2: 0.9132256069623568
