MSE: 0.10258582251523435
R2: 0.8960463665178959
