MSE: 0.06252469332030397
R2: 0.9166337422395947
