MSE: 0.14700621658609564
R2: 0.8235925400966853
