MSE: 0.09721371548891417
R2: 0.8888986108698124
