MSE: 0.5774402144806938
R2: 0.27819973189913283
