MSE: 0.15731164151356722
R2: 0.803360448108041
