MSE: 0.08834539516465455
R2: 0.9006114304397637
