MSE: 0.16012962512204534
R2: 0.7998379685974433
