MSE: 0.11619632217863511
R2: 0.867204203224417
