MSE: 0.034783266085588585
R2: 0.9582600806972937
