MSE: 0.012945757580740092
R2: 0.9805813636288898
