MSE: 0.2592198787716488
R2: 0.7037487099752585
