MSE: 0.19181896765462345
R2: 0.769817238814452
