MSE: 0.1509235209227686
R2: 0.8302110389618853
