MSE: 0.11086653961049167
R2: 0.8521779471860111
