MSE: 0.2577929964996134
R2: 0.6562760046671822
