MSE: 0.230436746321168
R2: 0.6927510049051092
