MSE: 0.09495577078250939
R2: 0.8575663438262359
