MSE: 0.11483801671803254
R2: 0.866022313828962
