MSE: 0.04629570002585863
R2: 0.9382723999655218
