MSE: 0.2703936602315764
R2: 0.7265682087545857
