MSE: 0.0896848646101963
R2: 0.9003501504331153
