MSE: 0.1091672162010553
R2: 0.8726382477654355
