MSE: 0.18952490053494747
R2: 0.7788876160425613
