MSE: 0.27753694026948045
R2: 0.6669556716766235
