MSE: 0.33673260093084395
R2: 0.579084248836445
