MSE: 0.30608041066607594
R2: 0.6599106548154712
