MSE: 0.27970196875938613
R2: 0.6270640416541517
