MSE: 0.06984823119978764
R2: 0.9161821225602549
