MSE: 0.07333520711928568
R2: 0.9161883347208164
