MSE: 0.07023980925405501
R2: 0.9180535558702692
