MSE: 0.08258856624761274
R2: 0.8898819116698496
