MSE: 0.13752240594134493
R2: 0.8349731128703861
