MSE: 0.02679958989903133
R2: 0.9642672134679582
