MSE: 0.1056030349087651
R2: 0.8793108172471256
