MSE: 0.07542497379346921
R2: 0.9120041972409526
