MSE: 0.12730130441695958
R2: 0.8545127949520462
