MSE: 0.25244798154216136
R2: 0.7054773548674784
