MSE: 0.2465773320712209
R2: 0.671230223905039
