MSE: 0.2310563545457946
R2: 0.7111795568177568
