MSE: 0.248104945287525
R2: 0.73730064616615
