MSE: 0.1423699875346396
R2: 0.8564910525650833
