MSE: 0.6576358627813859
R2: 0.33382341172794683
