Oracle: 198.0451028926597
Random: 85.21921021596162
_PCIe read bandwidth: 118.27360058594493
_PCIe write bandwidth: 118.27360058594493
_Long_Kernel: 108.35838553160518
_ave_Kernel_Length: 111.53113075853594
_long/short_Ratio: 62.54299238871663
_avg_Thread: 108.35838553160518
sm%: 48.83653109960373
mem%: 120.37842383080152
CPU%: 118.27360058594493
MainMem%: 122.6003995492882
