MSE: 0.08388722062782887
R2: 0.9151020899670166
