MSE: 0.25856505793452506
R2: 0.7229660093558661
