MSE: 5.990217490601775e+26
R2: -6.078308924287097e+26
