Oracle: 114.48408416856846
Random: 57.6058943607215
_Threads: 88.14302871001875
_Compute (SM) Throughput: 113.5649912013775
_DRAM Throughput: 88.14302871001875
_Memory Throughput: 88.14302871001875
_Registers: 88.14302871001875
_Static Shared Memory: 88.14302871001875
exclusive_throughput: 92.08200263516918
sm%: 18.04985304444662
mem%: 88.14302871001875
memcap: 63.7344598982523
