MSE: 0.21222961390826328
R2: 0.7574518698191277
