MSE: 0.26969794334029445
R2: 0.6917737790396634
