MSE: 0.09822418018107727
R2: 0.8928463488933702
