MSE: 0.2643439189985976
R2: 0.7092216891015426
