MSE: 0.20485762975576835
R2: 0.7695351665247605
