MSE: 0.21880797779725256
R2: 0.7538410249780909
