MSE: 0.13792300101361332
R2: 0.8448366238596849
