MSE: 0.2594527700100878
R2: 0.7117191444332357
