MSE: 0.42427443093427347
R2: 0.5050131639100142
