MSE: 0.18748199249084138
R2: 0.7750216090109903
