MSE: 0.09985622940494997
R2: 0.8876617419194313
