MSE: 0.2390321977784145
R2: 0.734408669135095
