MSE: 0.21784680009058038
R2: 0.7603685199003617
