MSE: 0.051544097492163654
R2: 0.9410924600089559
