MSE: 0.15557896839776858
R2: 0.8271344795580349
