MSE: 0.08770174644529612
R2: 0.8947579042656446
