MSE: 0.24205091769048276
R2: 0.7176072626944368
