MSE: 0.2907895335803764
R2: 0.6607455441562275
