MSE: 0.1520563046453048
R2: 0.8310485503941057
