MSE: 0.25082182139133474
R2: 0.623767267912998
