MSE: 0.3808380882125537
R2: 0.5937727059066094
