MSE: 0.4138357958702059
R2: 0.5585751510717802
