MSE: 0.5598650069270201
R2: 0.3970684540785938
