MSE: 0.5613957165921348
R2: 0.39182130702518736
