MSE: 0.4947601897312767
R2: 0.4698997967164892
