MSE: 0.7872499669565335
R2: 0.14118185422923601
