MSE: 0.3728829558180602
R2: 0.6022581804607359
