MSE: 0.5816131684115642
R2: 0.3768430338447528
