MSE: 0.7745887274735609
R2: 0.15499411548338815
