MSE: 0.333294757551882
R2: 0.6444855919446593
