MSE: 0.33268943431160375
R2: 0.630345072987107
