MSE: 0.5032864267170196
R2: 0.4579992327662865
