MSE: 0.688515249840564
R2: 0.24263322517537933
