MSE: 0.4988047702887881
R2: 0.33492697294828255
