MSE: 0.4762223705344128
R2: 0.4840924319210528
