MSE: 0.4727131924836429
R2: 0.4909242542483845
