MSE: 0.6749809032092011
R2: 0.2500212186564431
