MSE: 0.48825293839578177
R2: 0.471059316737903
