MSE: 0.42672912121796563
R2: 0.5377101186805373
