MSE: 0.5697154207043215
R2: 0.33533200917829165
