MSE: 0.48656420093189523
R2: 0.45937311007567194
