MSE: 0.14540939838592218
R2: 0.8535519630541784
