MSE: 0.18851636523994494
R2: 0.8109585195365454
