MSE: 0.040693933438652595
R2: 0.9511672798736169
