MSE: 0.022030153902143804
R2: 0.9742981537808322
