MSE: 0.09415410269622047
R2: 0.8870150767645355
