MSE: 0.05221836748526491
R2: 0.939078571267191
