MSE: 0.215095072654301
R2: 0.7490557485699822
