MSE: 0.18320183335126874
R2: 0.7801577999784776
