MSE: 0.11584713735360826
R2: 0.8648450064207903
