MSE: 0.3347444828599424
R2: 0.5536740228534103
