MSE: 0.12822303069871605
R2: 0.8504064641848312
