MSE: 0.14789650723794645
R2: 0.8225241913144643
