MSE: 0.12263940905427295
R2: 0.8160408864185905
