MSE: 0.08710055216809691
R2: 0.8838659304425375
