MSE: 0.05672656980071651
R2: 0.9290917877491044
