MSE: 0.30531330528327066
R2: 0.643801143836184
