MSE: 0.04504601044598848
R2: 0.909907979108023
