MSE: 0.13972462178554487
R2: 0.8253442227680688
