MSE: 0.11774031122435816
R2: 0.8654396443150192
