MSE: 0.12503439701496435
R2: 0.8437070037312946
