MSE: 0.1258136453447053
R2: 0.8322484728737263
