MSE: 0.16760586361544652
R2: 0.821918769908588
