MSE: 0.10972350761711945
R2: 0.8793041416211687
