MSE: 0.15647769833608324
R2: 0.8278745318303085
