MSE: 0.14928657330979195
R2: 0.8392298441279163
