MSE: 0.21336886902796434
R2: 0.7672339610604025
