MSE: 0.21761896713267445
R2: 0.7606191361540581
