MSE: 0.32415551675348003
R2: 0.629536552281737
