MSE: 0.3485190951824632
R2: 0.6224376468856647
