MSE: 0.19160762217087818
R2: 0.7924250759815487
