MSE: 0.4457614020135796
R2: 0.5096624577850625
