MSE: 0.17142894636154896
R2: 0.8129866039692193
