MSE: 0.17481125805969985
R2: 0.8092968093894183
