MSE: 0.15128754792912327
R2: 0.8270999452238591
