MSE: 0.22001236150331363
R2: 0.7599865147236577
