MSE: 0.2737363748302888
R2: 0.6988899876866823
