MSE: 0.17109865142098057
R2: 0.6578026971580389
