MSE: 0.44300962266225224
R2: 0.4462379716721847
