MSE: 0.3377897004810132
R2: 0.6246781105766521
