MSE: 0.42176371193178464
R2: 0.5179843292208177
