MSE: 0.20418858607532547
R2: 0.7731237932496384
