MSE: 0.12191420696255022
R2: 0.8670026833135815
