MSE: 0.1801230117420566
R2: 0.8035021690086654
