MSE: 0.10494564512180753
R2: 0.8932756151303652
