MSE: 0.06922150798994048
R2: 0.922125803511317
