MSE: 0.3622335386150846
R2: 0.5653197536618983
