MSE: 0.3579056606516214
R2: 0.5526179241854733
