MSE: 0.21450067838324455
R2: 0.7318741520209443
