MSE: 0.13098198111795858
R2: 0.8362725236025518
