MSE: 0.023307105522206918
R2: 0.9708661180972413
