MSE: 0.3239570736188923
R2: 0.5140643895716616
