MSE: 0.16085785132125263
R2: 0.8069705784144968
