MSE: 0.500576613832275
R2: 0.37427923270965613
