MSE: 0.06384484714331681
R2: 0.920193941070854
