MSE: 0.20278872359760572
R2: 0.7566535316828731
