MSE: 0.020241106173152237
R2: 0.9768673072306832
