MSE: 0.09889788583399006
R2: 0.8763776427075124
