MSE: 0.16572564825727995
R2: 0.75141152761408
