MSE: 0.05573994546874215
R2: 0.9331120654375095
