MSE: 0.22870259009805083
R2: 0.725556891882339
