MSE: 0.28838268405193623
R2: 0.6395216449350797
