MSE: 0.08835114729429205
R2: 0.8939786232468495
