MSE: 0.40509530129644067
R2: 0.3923570480553389
