MSE: 0.2760254479313838
R2: 0.7067229615729047
