MSE: 0.09743235745451642
R2: 0.9019548604231281
