MSE: 0.1157897714543115
R2: 0.88124126004686
