MSE: 0.8044660178552369
R2: 0.138072123726532
