MSE: 0.11610228411801504
R2: 0.8828702620402327
