MSE: 0.5238889464442803
R2: 0.4470061120865928
