MSE: 0.16864002721348959
R2: 0.8289159144210976
