MSE: 0.3531627789914463
R2: 0.5585465262606921
