MSE: 0.050023926859916606
R2: 0.9437230822825938
