MSE: 0.2822996243942628
R2: 0.6706504382066933
