MSE: 0.2725156769819605
R2: 0.6593554037725493
