MSE: 0.1175566173057061
R2: 0.8589320592331527
