MSE: 0.06603978731707442
R2: 0.9229535814634131
