MSE: 0.162852739917022
R2: 0.755720890124467
