MSE: 0.1008720596875818
R2: 0.8739099253905227
