MSE: 0.1969668629325487
R2: 0.7636397644809416
