MSE: 0.3255025535870747
R2: 0.5931218080161565
