MSE: 0.08906934403733106
R2: 0.8997969879580026
