MSE: 0.43314480188724375
R2: 0.35028279716913435
