MSE: 0.14959440943866667
R2: 0.8204867086736001
