MSE: 0.33083311202940385
R2: 0.6030002655647153
