MSE: 0.14452744696502332
R2: 0.8313846452074728
