MSE: 0.06959721018308117
R2: 0.9188032547864053
