MSE: 0.19897956243851705
R2: 0.7678571771550635
