MSE: 0.13459585447027014
R2: 0.8205388607063064
