MSE: 0.2950932016762341
R2: 0.645888157988519
