MSE: 0.43842418732503835
R2: 0.5396546033087095
