MSE: 0.27738500927433946
R2: 0.6829885608293264
