MSE: 0.24028419820981042
R2: 0.7116589621482274
