MSE: 0.06528644182449844
R2: 0.9253869236291447
