MSE: 0.21640699182797035
R2: 0.7526777236251767
