MSE: 0.36601897274296014
R2: 0.5816926025794742
