MSE: 0.2321828614628502
R2: 0.7420190428190554
