MSE: 0.11123217063794086
R2: 0.8728775192709247
