MSE: 0.16140395425317267
R2: 0.8116953867046319
