MSE: 0.1441736905031593
R2: 0.8427196103601898
