MSE: 0.09208523930508357
R2: 0.8925672208107358
