MSE: 0.16782085088274093
R2: 0.7986149789407109
