MSE: 0.22278757433777685
R2: 0.745385629328255
