MSE: 0.12682356088201532
R2: 0.8520391789709821
