MSE: 0.1343834059715461
R2: 0.8320207425355673
