MSE: 0.04353505509244318
R2: 0.9419532598767424
