MSE: 0.2534670486712805
R2: 0.7042884432168395
