MSE: 0.23608466344106785
R2: 0.7301889560673509
