MSE: 0.06536322627113514
R2: 0.8692735474577297
