MSE: 0.16570905073741
R2: 0.8066727741396884
