MSE: 0.2356862479713761
R2: 0.7306442880327131
