MSE: 0.24355948220236237
R2: 0.7320845695774014
