MSE: 0.30870286336329517
R2: 0.6655718980230969
