MSE: 0.1658891439832671
R2: 0.8230515797511817
