MSE: 0.2097309165057307
R2: 0.7669656483269659
