MSE: 0.24060359764044645
R2: 0.7393461025561829
