MSE: 0.29117077238365524
R2: 0.6823591573996489
