MSE: 0.23145593794330488
R2: 0.7453984682623647
