MSE: 0.20251167283009625
R2: 0.774987030188782
