MSE: 0.1990716273973509
R2: 0.7884863958903147
