MSE: 0.062067866984296886
R2: 0.9068981995235547
