MSE: 0.11083325008768367
R2: 0.879090999904345
