MSE: 0.18942686381266297
R2: 0.7933525122043676
