MSE: 0.2798001723448074
R2: 0.7002141010591348
