MSE: 0.15133276514864752
R2: 0.8360561710889652
