MSE: 0.2183521349034137
R2: 0.7543538482336596
