MSE: 0.24930091006938596
R2: 0.7280353708333972
