MSE: 0.07589736561008148
R2: 0.8988035125198914
