MSE: 0.24843790128285875
R2: 0.730858940276903
