MSE: 0.33337942316654606
R2: 0.6249481489376356
