MSE: 0.32691359377247786
R2: 0.6403950468502744
