MSE: 0.22889384404317578
R2: 0.7502976246801719
