MSE: 0.13600685012450886
R2: 0.8625148145480508
