MSE: 0.10793601118446905
R2: 0.8848682547365664
