MSE: 0.07218644815872986
R2: 0.9222607481367524
