MSE: 0.08851779337410046
R2: 0.9101993400552604
