MSE: 0.05395128523720652
R2: 0.9406535862390728
