MSE: 0.3724496118042553
R2: 0.5530604658348937
