MSE: 0.25455411624952173
R2: 0.7090810100005466
