MSE: 0.1980824463305125
R2: 0.762301064403385
