MSE: 0.14099354029753491
R2: 0.8388645253742458
