MSE: 0.3626116619451766
R2: 0.5467354225685291
