MSE: 0.13655360675502026
R2: 0.7951695898674696
