MSE: 0.07852237263273068
R2: 0.9127529192969659
