MSE: 0.17086815075919154
R2: 0.8006538241142765
