MSE: 0.0643785648780657
R2: 0.9227457221463211
