MSE: 0.09796291595107183
R2: 0.8897917195550442
