MSE: 0.05145904879741777
R2: 0.942108570102905
