MSE: 0.35092438541915005
R2: 0.5321008194411332
