MSE: 0.09605880891296684
R2: 0.8879313896015386
