MSE: 0.9399261416436818
R2: -0.8798522832873632
