MSE: 0.11258671927726038
R2: 0.871329463683131
