MSE: 0.20796447670973478
R2: 0.7623263123317316
