MSE: 0.27665332903020523
R2: 0.6541833387122433
