MSE: 0.5303718224534485
R2: 0.38123287380431026
