MSE: 0.3022668267509388
R2: 0.6473553687905713
