MSE: 0.12573621447151354
R2: 0.8676460900299857
