MSE: 0.1539653697977185
R2: 0.8440607152048749
