MSE: 0.06673863282996603
R2: 0.9249190380662882
