MSE: 0.30845636231949713
R2: 0.6401342439605866
