MSE: 0.3878603034067706
R2: 0.5151746207415369
