MSE: 0.5237427149332499
R2: 0.34532160633343756
