MSE: 0.20457091006054146
R2: 0.7442863624243232
