MSE: 0.03470243602248839
R2: 0.9595138246404302
