MSE: 0.14190246786244398
R2: 0.8297170385650673
