MSE: 0.14628721848706924
R2: 0.8244553378155169
