MSE: 0.6647762205310411
R2: 0.0028356692034382514
