MSE: 0.21344208594848268
R2: 0.7438694968618208
