MSE: 0.021625526104130762
R2: 0.9756712831328529
