MSE: 0.2027170932349235
R2: 0.7567394881180918
