MSE: 0.1139756941097397
R2: 0.8575303823628253
