MSE: 0.1183976751005198
R2: 0.8224034873492203
