MSE: 0.26122585581199714
R2: 0.6865289730256032
