MSE: 0.09733276676211489
R2: 0.8864451054441993
