MSE: 0.19033288645201069
R2: 0.7462228180639858
