MSE: 0.23214308524674254
R2: 0.7291664005454671
