MSE: 0.10692672729245392
R2: 0.8752521514921371
