MSE: 0.0986148686529663
R2: 0.9001676638327996
