MSE: 0.13204599310129256
R2: 0.8675400696162583
