MSE: 0.4172240673713058
R2: 0.5816137485970192
