MSE: 0.15895367969156562
R2: 0.839664114398073
