MSE: 0.2650482096456759
R2: 0.7330449687021972
