MSE: 0.08649591242247251
R2: 0.9026920985247184
