MSE: 0.06652663436205135
R2: 0.9239695607290842
