MSE: 0.2704604427973401
R2: 0.6844628167364366
