MSE: 0.24836951773366345
R2: 0.7267935304929702
