MSE: 0.5513618551187607
R2: 0.3698721655785592
