MSE: 0.19325017526560603
R2: 0.7825935528261933
