MSE: 0.6882359839231041
R2: 0.17411681929227474
