MSE: 0.0604350428951111
R2: 0.9340708622962425
