MSE: 0.26669863762509044
R2: 0.6888515894373946
