MSE: 0.3074908536304212
R2: 0.6540727896657761
