MSE: 0.16679922415276704
R2: 0.8165208534319564
