MSE: 0.1861302117105564
R2: 0.7828480863376842
