MSE: 0.1690274977979967
R2: 0.7887156277525041
