MSE: 0.047898965034556054
R2: 0.9467789277393821
