MSE: 0.17495811343406342
R2: 0.7958822009935926
