MSE: 0.07226586234399177
R2: 0.9096676720700103
