MSE: 0.1323567460295336
R2: 0.8411719047645596
