MSE: 0.09405428718386957
R2: 0.8925093860755776
