MSE: 1.8636209334690437
R2: -2.7272418669380865
