MSE: 0.03806830873307414
R2: 0.9524146140836574
