MSE: 0.22011489525207034
R2: 0.7484401197119197
