MSE: 0.3835961395051511
R2: 0.5396846325938186
