MSE: 0.05220175001886543
R2: 0.9403408571212967
