MSE: 0.26812018570386864
R2: 0.6935769306241502
