MSE: 0.09398334525310165
R2: 0.895574060829887
