MSE: 0.12730141994422575
R2: 0.8545126629208848
