MSE: 0.11008163924950054
R2: 0.8741924122862851
