MSE: 0.151420997150965
R2: 0.8233421699905409
