MSE: 0.07211131490066339
R2: 0.9213331110174582
