MSE: 0.08475897435299232
R2: 0.8940512820587596
