MSE: 0.10660259747086942
R2: 0.8756303029506524
