MSE: 0.07250489142126765
R2: 0.9129941302944788
