MSE: 0.19077805317771399
R2: 0.7819679392254697
