MSE: 0.14074246133232446
R2: 0.8358004617789548
