MSE: 0.04510302789908953
R2: 0.9097939442018209
