MSE: 0.057903213854221716
R2: 0.932446250503408
