MSE: 0.2743684790505613
R2: 0.6799034411076785
