MSE: 0.03674400394505413
R2: 0.9580068526342238
