MSE: 0.09158260444593339
R2: 0.8778898607387555
