MSE: 0.13310479138504017
R2: 0.8478802384170969
