MSE: 0.3963612004975284
R2: 0.5816187328081646
