Oracle: 73.0154545681043
Random: 33.58993158761504
_PCIe read bandwidth: 19.869358970411696
_PCIe write bandwidth: 58.35473015782569
_Long_Kernel: 68.22800334992768
_ave_Kernel_Length: 18.08921868686833
_long/short_Ratio: 18.08921868686833
_avg_Thread: 18.08921868686833
sm%: 7.75554102540141
mem%: 68.22800334992768
CPU%: 65.50056994125812
MainMem%: 28.459728884099306
