MSE: 0.0968704092172675
R2: 0.9021798808884456
