MSE: 0.09534107580662739
R2: 0.8959915536654974
