MSE: 0.08178079126554948
R2: 0.9134085739541241
