MSE: 0.13326287475457707
R2: 0.8564861348796862
