MSE: 0.29576901591775245
R2: 0.6814795213193435
