MSE: 0.07722771271618864
R2: 0.9163366445574623
