MSE: 0.10261253518412582
R2: 0.8880590525264083
