MSE: 0.0925293545852034
R2: 0.9020277422039022
