MSE: 0.13251756520791855
R2: 0.8572887759299339
