MSE: 0.055074080547840715
R2: 0.9394185113973752
