MSE: 0.14378223262969433
R2: 0.8451575956295599
