MSE: 0.13767703283531474
R2: 0.8531444983089976
