MSE: 0.10595437007550625
R2: 0.8858952937648394
