MSE: 0.11899149043665298
R2: 0.841344679417796
