MSE: 0.09894647072595135
R2: 0.8934422622951294
