MSE: 0.14502551716900783
R2: 0.8368462931848661
