MSE: 0.13893339803200355
R2: 0.8456295577422184
