MSE: 0.10563383307877816
R2: 0.8847630911867875
