MSE: 0.10563052338967192
R2: 0.8862440517341995
