MSE: 0.3384583676978841
R2: 0.6307726897841264
