MSE: 0.05703668560706031
R2: 0.938210257259018
