MSE: 0.3764588457408436
R2: 0.548249385110988
