MSE: 0.10332208201281104
R2: 0.8902202878613883
