MSE: 0.10880243269431615
R2: 0.8834259649703755
