MSE: 0.2583960073407435
R2: 0.7382482003561299
