MSE: 0.10490057211200504
R2: 0.8876065298799947
