MSE: 0.05392697567028914
R2: 0.9415791096905202
