MSE: 0.5252678669094404
R2: 0.40907364972687965
