MSE: 0.3005569355461753
R2: 0.6660478493931385
