MSE: 0.2789696956415226
R2: 0.6977828297216839
