MSE: 0.3166066803510609
R2: 0.6546108941624789
