MSE: 0.07902180409849195
R2: 0.914393045559967
