MSE: 1.3340793502180261
R2: -1.0011190253270388
