MSE: 0.1276675591864585
R2: 0.860726299069318
