MSE: 0.21193960846846993
R2: 0.7456724698378361
