MSE: 0.17540360997889698
R2: 0.8070560290232133
