MSE: 0.11884391923775293
R2: 0.8808250392044817
