MSE: 0.1283234092575015
R2: 0.8652604202796235
