MSE: 0.255378979614959
R2: 0.7275957550773771
