MSE: 0.25908294589059594
R2: 0.722411129402933
