MSE: 0.2324629511779772
R2: 0.7520395187434911
