MSE: 0.33363516149987854
R2: 0.6385619083751315
