MSE: 0.24234865825054797
R2: 0.7403407233029844
