MSE: 0.3037006803982983
R2: 0.6709909295685101
