MSE: 0.3341765902004298
R2: 0.6419536533566823
