MSE: 0.3130923172548448
R2: 0.6628236583409364
