MSE: 0.2275337722567786
R2: 0.759081888198705
