MSE: 0.19099026192237378
R2: 0.7962770539494679
