MSE: 0.24500301706723115
R2: 0.7386634484616201
