MSE: 0.1532514672705847
R2: 0.8084356659117691
