MSE: 0.23906848603119893
R2: 0.7438551935380011
