MSE: 0.09822940768270222
R2: 0.8947542060542476
