MSE: 0.2991141237021636
R2: 0.6709744639276201
