MSE: 0.24322159952235123
R2: 0.7297537783084986
