MSE: 0.24868695545080327
R2: 0.7321832787452887
