MSE: 0.21560728481839067
R2: 0.7689921948374384
