MSE: 0.17424949226971723
R2: 0.8008577231203231
