MSE: 0.28233100080787243
R2: 0.6941414157914716
