MSE: 0.2283878969118538
R2: 0.7552986818801566
