MSE: 0.18485688540438447
R2: 0.7689288932445194
