MSE: 0.05087817289665188
R2: 0.9406421316205728
