MSE: 0.17737816976511375
R2: 0.7930588019407006
