MSE: 0.10408313990351131
R2: 0.8810478401102728
