MSE: 0.1424915759760749
R2: 0.8218855300299064
