MSE: 0.1620881176130193
R2: 0.7838825098493076
