MSE: 0.24176911535882042
R2: 0.7098770615694154
