MSE: 0.30039920431841116
R2: 0.5994677275754519
