MSE: 0.2217409148141137
R2: 0.7465818116410129
