MSE: 0.10303272848708582
R2: 0.8797951500983998
