MSE: 0.12408628961593854
R2: 0.8510964524608737
