MSE: 0.04871915413558151
R2: 0.9350411278192247
