MSE: 0.0670260873882389
R2: 0.9195686951341133
