MSE: 0.15128937016118177
R2: 0.7730659447582273
