MSE: 0.04160300638763292
R2: 0.9375954904185506
