MSE: 0.2012777701772524
R2: 0.7651759347932054
