MSE: 0.22747025345424038
R2: 0.7156621831821995
