MSE: 0.05234009160481249
R2: 0.9389365597943854
