MSE: 0.1260864725765246
R2: 0.8486962329081705
