MSE: 0.11814785720545386
R2: 0.8810021582103342
