MSE: 0.16083661082508544
R2: 0.8350393735127329
