MSE: 0.20776368604023449
R2: 0.7883162444118366
