MSE: 0.14775592754794037
R2: 0.8430093269803134
