MSE: 0.07173170919771904
R2: 0.924681705342395
