Oracle: 287.8347708457312
Random: 93.65980365857828
_Threads: 135.51315032643123
_Compute (SM) Throughput: 287.8347708457312
_DRAM Throughput: 272.75664556370964
_Memory Throughput: 68.5672618509105
_Registers: 135.51315032643123
_Static Shared Memory: 68.5672618509105
exclusive_throughput: 127.42548706047305
sm%: 70.7881788805526
mem%: 102.12921506859999
memcap: 127.42548706047305
