MSE: 0.11701603365000111
R2: 0.8723461451090897
