MSE: 0.1074139452319042
R2: 0.8772412054492523
