MSE: 0.13470714781842447
R2: 0.8460489739218006
