MSE: 0.12985745127440101
R2: 0.8539103673162989
