MSE: 0.6984719329418816
R2: 0.18511607823447118
