MSE: 0.364007074679227
R2: 0.5904920409858695
