MSE: 0.2737594355606497
R2: 0.692020634994269
