MSE: 0.1172612799214026
R2: 0.8697096889762193
