MSE: 0.0915601888003069
R2: 0.8992837923196624
