MSE: 0.21899449505510893
R2: 0.7591060554393803
