MSE: 0.2438664896431439
R2: 0.7290372337298401
