MSE: 0.15155300985967637
R2: 0.8295028639078641
