MSE: 0.12147195351776346
R2: 0.8611749102654132
