MSE: 0.06304199959350897
R2: 0.9243496004877892
