MSE: 0.18015655932042843
R2: 0.7898173474595002
