MSE: 0.03846396012865984
R2: 0.9423040598070103
