MSE: 0.10834413401451455
R2: 0.8796176288727616
