MSE: 0.11832858781739074
R2: 0.8619499808797109
