MSE: 0.17843245589084422
R2: 0.7858810529309869
