MSE: 0.2600014263003163
R2: 0.7111095263329819
