MSE: 0.07926592647839883
R2: 0.9204499662582377
