MSE: 0.15494848502067132
R2: 0.8437041368487141
