MSE: 0.11378144984836126
R2: 0.8854600071526497
