MSE: 0.11176806541898836
R2: 0.8863691334906951
