MSE: 0.4998058830319588
R2: 0.4668737247659106
