MSE: 0.6644792009253163
R2: 0.28014753233090717
