MSE: 0.19690945475418858
R2: 0.7812117169397905
