MSE: 0.23300236681389028
R2: 0.7436973965047208
