MSE: 0.158236685430011
R2: 0.8285769241174881
