MSE: 0.16853080093373096
R2: 0.8161482171632026
