MSE: 0.17623595414408785
R2: 0.8077425954791769
