MSE: 0.3495318508801606
R2: 0.6186925263125522
