MSE: 0.2554246567803777
R2: 0.7080861065367112
