MSE: 0.38370304825134494
R2: 0.568334070717237
