MSE: 0.49746236297462737
R2: 0.4403548416535443
