MSE: 0.06519045890481649
R2: 0.9275661567724262
