MSE: 0.19457352924094884
R2: 0.7665117649108615
