MSE: 0.16927113268252286
R2: 0.8166229395939336
