MSE: 0.12723287854506504
R2: 0.8586301349499277
