MSE: 0.11649035817678376
R2: 0.8640945821270856
