MSE: 0.2558560324814197
R2: 0.7157155194650893
