MSE: 0.15236909411135946
R2: 0.8323939964775047
