MSE: 0.15183870420758258
R2: 0.8264700523341914
