MSE: 0.7089529257939211
R2: 0.054729432274771894
