MSE: 0.2030170748794264
R2: 0.7631467459740026
