MSE: 0.3172628303104734
R2: 0.6430793159007174
