MSE: 0.27844495088694243
R2: 0.6962418717596992
