Oracle: 74.20037195929153
Random: 43.39522179050322
_Threads: 74.20037195929153
_Compute (SM) Throughput: 74.15124903288223
_DRAM Throughput: 74.20037195929153
_Memory Throughput: 74.20037195929153
_Registers: 15.933414492218095
_Static Shared Memory: 15.933414492218095
exclusive_throughput: 58.90127875530955
sm%: 21.19677337246058
mem%: 74.20037195929153
memcap: 64.58285951903251
