MSE: 0.1814047922966407
R2: 0.8174017551224604
