MSE: 0.13760193326518352
R2: 0.8618223264282675
