MSE: 0.13201559102412172
R2: 0.8660711395407461
