MSE: 0.17582132510515427
R2: 0.8196704357895854
