MSE: 0.1305524182897532
R2: 0.8637713896106923
