Oracle: 137.84747186549444
Random: 89.10376030124974
_Threads: 109.25006303733034
_Compute (SM) Throughput: 137.84747186549444
_DRAM Throughput: 109.25006303733034
_Memory Throughput: 109.25006303733034
_Registers: 86.58610280397195
_Static Shared Memory: 74.20037195929153
exclusive_throughput: 103.33003069368456
sm%: 66.59253708057489
mem%: 109.25006303733034
memcap: 124.79581741401309
