Oracle: 287.8347708457312
Random: 93.65980365857828
_PCIe read bandwidth: 116.54569229716799
_PCIe write bandwidth: 116.54569229716799
_Long_Kernel: 114.54701800567207
_ave_Kernel_Length: 68.5672618509105
_long/short_Ratio: 110.58095235919065
_avg_Thread: 135.5131503264312
sm%: 70.78817888055259
mem%: 102.12921506859999
CPU%: 116.54569229716799
MainMem%: 120.98618840840882
