MSE: 0.08583046915329881
R2: 0.9034407222025389
