MSE: 0.41077172391508576
R2: 0.5207663220990666
