MSE: 0.999553483747502
R2: -0.24944185468437752
