MSE: 0.14302998991656266
R2: 0.8331316784306768
