MSE: 0.25421036970950606
R2: 0.6822370378631175
