MSE: 0.14346773826721634
R2: 0.8278387140793404
