MSE: 0.3019869826553333
R2: 0.5470195260170001
