MSE: 0.21475897656715617
R2: 0.7422892281194126
