MSE: 0.31570172200899527
R2: 0.6053728474887559
