MSE: 0.02987710891047689
R2: 0.9626536138619038
