MSE: 0.21001878212906222
R2: 0.7479774614451253
