MSE: 0.4183495829186541
R2: 0.37247562562201886
