MSE: 0.06527377654109685
R2: 0.926567001391266
