MSE: 0.08098792357005206
R2: 0.9028144917159375
