MSE: 0.07091020384052511
R2: 0.9172714288527207
