MSE: 0.3497831954517475
R2: 0.5336224060643366
