MSE: 0.5113412423560496
R2: 0.4034352172512756
