MSE: 0.3095099971126202
R2: 0.6285880034648555
