MSE: 0.2571105789748633
R2: 0.7000376578626595
