MSE: 0.1232273675998675
R2: 0.8665036851001435
