MSE: 0.17272234394154082
R2: 0.8115756247910464
