MSE: 0.10745074920391084
R2: 0.8858335789708447
