MSE: 0.1366937666328664
R2: 0.8527913282415285
