MSE: 0.08498420403810704
R2: 0.907289959231156
