MSE: 0.09579014277076418
R2: 0.8922360893828902
