MSE: 0.09050926988222206
R2: 0.9012626146739395
