MSE: 0.18944372498322493
R2: 0.7947692979348396
