MSE: 0.24046103185152942
R2: 0.7251873921696806
