MSE: 0.21746358366281726
R2: 0.760790057970901
