MSE: 0.22675007211738196
R2: 0.7689716246351203
