MSE: 0.09155009105903886
R2: 0.9068714590951157
