MSE: 0.1063701867777167
R2: 0.8854474911624589
