MSE: 0.10226585012907281
R2: 0.8909164265289891
