MSE: 0.10365038257477846
R2: 0.8894395919202362
