MSE: 0.22533639433035144
R2: 0.7541784789123439
