MSE: 0.37145729250611587
R2: 0.5947738627206007
