MSE: 0.24836606010374898
R2: 0.7309367682209387
