MSE: 0.354535660936619
R2: 0.620140363282194
