MSE: 0.14309686495513702
R2: 0.8466819304052103
