MSE: 0.07364135597660929
R2: 0.9214492202916168
