MSE: 0.09848358567194958
R2: 0.8916680557608554
