MSE: 0.048964164957443775
R2: 0.9477715573787266
