MSE: 0.16567246712864803
R2: 0.8205214939439647
