MSE: 0.1846754143779301
R2: 0.7537661141627598
