MSE: 0.1552785857616914
R2: 0.8274682380425651
