MSE: 0.14206643924104498
R2: 0.8470053731250284
