MSE: 0.26442477035936507
R2: 0.6915044345807408
