MSE: 0.2042064602539661
R2: 0.7731039330511488
