MSE: 0.11253292136191188
R2: 0.8780893351912621
