MSE: 0.1590254283483969
R2: 0.8287418463940341
