MSE: 0.11204628056486349
R2: 0.8786165293880646
