MSE: 0.3895623068519115
R2: 0.567152992386765
