MSE: 0.13558326138823865
R2: 0.8634270797695114
