MSE: 0.2072908017211422
R2: 0.7921317865748991
