MSE: 0.08179391395644202
R2: 0.9171707200441094
