MSE: 0.09260611007358982
R2: 0.894164445630183
