MSE: 0.23703957399984477
R2: 0.7414113738183512
