MSE: 0.15332384590817555
R2: 0.8247727475335136
