MSE: 0.48359729526541734
R2: 0.43580315552368
