MSE: 0.3049341318649434
R2: 0.6515038492972076
