MSE: 0.30202312444990126
R2: 0.6677745631051086
