MSE: 0.07723434208230166
R2: 0.9150422237094682
