MSE: 0.5318456775462196
R2: 0.41980471540412434
