MSE: 0.3745712938876395
R2: 0.5630001571310872
