MSE: 0.17894290609073074
R2: 0.8011745487880769
