MSE: 0.2200405165889319
R2: 0.7599558000848016
