MSE: 0.07081732788248604
R2: 0.9190659109914445
