MSE: 0.18516245464161
R2: 0.777805054430068
