MSE: 0.11753056983792193
R2: 0.8589633161944937
