MSE: 0.3766693751876352
R2: 0.5605523956144256
