MSE: 0.2618461253155329
R2: 0.6857846496213605
