MSE: 0.19226976897742193
R2: 0.7836965099004003
