MSE: 0.11977046500261355
R2: 0.8203443024960797
