MSE: 0.11840824800145122
R2: 0.8646762879983415
