MSE: 0.1772467526252173
R2: 0.8005974032966305
