MSE: 0.1499371956421121
R2: 0.8495253950545112
