MSE: 0.1149022769288406
R2: 0.8832140791870801
