MSE: 0.1015705825111533
R2: 0.8979190125516048
