MSE: 0.11159930449546553
R2: 0.88733784498553
