MSE: 0.3402995183345564
R2: 0.6353933732129752
