MSE: 0.5418664380590761
R2: 0.41942881636527574
