MSE: 0.5537347864901672
R2: 0.413692579010411
