MSE: 0.33172802501442983
R2: 0.6381148818024401
