MSE: 0.2982738160005056
R2: 0.6841806654112295
