MSE: 0.3906577866374289
R2: 0.5814380857456118
