MSE: 0.2191978930771882
R2: 0.7625356158330461
