MSE: 0.41348204376608255
R2: 0.5589524866495119
