MSE: 0.333417945283822
R2: 0.6409345204635764
