MSE: 0.3468541756649909
R2: 0.628370526073224
