MSE: 0.4129612300124317
R2: 0.5612286931117915
