MSE: 0.44830400799634373
R2: 0.5068655912040219
