MSE: 0.22863492912827327
R2: 0.7142063385896584
