MSE: 0.46102081608257384
R2: 0.5082444628452547
