MSE: 0.312614327528037
R2: 0.6633384165082679
