MSE: 0.4069192848603968
R2: 0.5591707747345702
