MSE: 0.6088630236252127
R2: 0.3403983910726862
