MSE: 0.33287482086368575
R2: 0.6415194236852616
