MSE: 0.5102301916750016
R2: 0.4387467891574983
