MSE: 0.45632667989400433
R2: 0.5056460967814953
