MSE: 0.3945828776558383
R2: 0.549048139821899
