MSE: 0.21082869616578667
R2: 0.7861158154839846
