MSE: 0.04619670905914414
R2: 0.9530067959570775
