MSE: 0.08877775504773569
R2: 0.9104762133972413
