MSE: 0.16632636398817657
R2: 0.8232782382625624
