MSE: 0.5158609118171626
R2: 0.47666284308403783
