Oracle: 147.52532609787968
Random: 76.10641116769912
_PCIe read bandwidth: 98.50560155846391
_PCIe write bandwidth: 98.50560155846391
_Long_Kernel: 113.82921394258477
_ave_Kernel_Length: 113.82921394258477
_long/short_Ratio: 60.185736105946894
_avg_Thread: 113.82921394258477
sm%: 54.22375332841864
mem%: 113.82921394258477
CPU%: 98.50560155846391
MainMem%: 87.38265659992003
