MSE: 0.08978268422680322
R2: 0.9057281815618566
