Oracle: 88.58460964586615
Random: 40.67880043746418
_Threads: 76.08107315566171
_Compute (SM) Throughput: 87.04855644011498
_DRAM Throughput: 76.08107315566171
_Memory Throughput: 76.08107315566171
_Registers: 37.082995147583375
_Static Shared Memory: 16.725535402366305
exclusive_throughput: 62.19454156271855
sm%: 18.463225843645347
mem%: 76.08107315566171
memcap: 52.6833220809137
