MSE: 0.10385797464248107
R2: 0.8857562278932708
