MSE: 0.059653293697344976
R2: 0.9304044906864308
