MSE: 0.4726960035664269
R2: 0.4597759959240836
