MSE: 0.22246089074165248
R2: 0.7404622941347387
