MSE: 0.16910211608504783
R2: 0.8139876723064474
