MSE: 0.057556916805118465
R2: 0.936047870216535
