MSE: 0.08713785230663451
R2: 0.8983391723089265
