MSE: 0.2742325567946962
R2: 0.6709209318463645
