MSE: 0.08197763033602956
R2: 0.9089137440710783
