MSE: 0.16560380380888895
R2: 0.8107385099326984
