MSE: 0.1403528164035996
R2: 0.8245589794955006
