MSE: 0.08060901969038706
R2: 0.9078754060681291
