MSE: 0.12040432081436024
R2: 0.8394609055808531
