MSE: 0.10734424064963628
R2: 0.8792377292691592
