MSE: 0.297024491462235
R2: 0.643570610245318
