MSE: 0.2451548031761211
R2: 0.7198230820844331
