MSE: 0.42357378295490766
R2: 0.15285243409018445
