MSE: 0.03378058927073454
R2: 0.9613936122620177
