MSE: 2.70413550049707
R2: -2.3801693756213385
