MSE: 0.07792892307601593
R2: 0.9109383736274104
