MSE: 0.3207898582432426
R2: 0.6333830191505798
