MSE: 0.052423405024637104
R2: 0.9428108308822141
