MSE: 0.05332211138014145
R2: 0.9390604441369812
