MSE: 0.13527298352111775
R2: 0.8496966849765358
