MSE: 0.27936501281335197
R2: 0.674074151717756
