MSE: 0.13370501804785218
R2: 0.8495818546961663
