MSE: 0.07636971000028313
R2: 0.9140840762496815
