MSE: 0.24269259745500624
R2: 0.7330381427994932
