MSE: 0.30972242264196803
R2: 0.6515622745277859
