MSE: 0.1374662988664578
R2: 0.8350404413602506
