MSE: 0.2586118473088489
R2: 0.7155269679602663
