MSE: 0.08387606047349946
R2: 0.9041416451731434
