MSE: 0.11597149477139165
R2: 0.8695320683821843
