MSE: 0.16641598921102915
R2: 0.8150933453210787
