MSE: 0.39662752348319985
R2: 0.5372678892696001
