MSE: 0.11459107945766449
R2: 0.8726765783803727
