MSE: 0.15942227862009703
R2: 0.7608665820698546
