MSE: 0.14669395262004845
R2: 0.8239672568559419
