MSE: 0.25216863901680614
R2: 0.7198126233146598
