MSE: 0.2636750231196189
R2: 0.692379139693778
