MSE: 0.062388899240636266
R2: 0.9272129508859244
