MSE: 0.426973716566427
R2: 0.43070171124476386
