MSE: 0.13974625091364215
R2: 0.8369627072674175
