MSE: 0.20390283194863565
R2: 0.7451214600642055
