MSE: 0.030788335135101187
R2: 0.96481333127417
