MSE: 0.0785685992606667
R2: 0.9083366341958888
