MSE: 0.37211954619940507
R2: 0.5658605294340273
