MSE: 0.600402114822236
R2: 0.27951746221331675
