MSE: 0.06575817221759755
R2: 0.9269353642026694
