MSE: 0.13136673023612075
R2: 0.8467388147245258
