MSE: 0.11341855502026588
R2: 0.8582268062246676
