MSE: 0.03860323044220153
R2: 0.9536761234693582
