MSE: 0.20678838534001212
R2: 0.7518539375919855
