MSE: 0.1012135582817067
R2: 0.8650485889577244
