MSE: 0.03805100436176722
R2: 0.9556071615779382
