MSE: 0.2106573153172255
R2: 0.7472112216193294
