MSE: 0.07540594300194864
R2: 0.8868910854970771
