MSE: 0.37719231064834363
R2: 0.5599423042435991
