MSE: 0.026414945717087444
R2: 0.9691825633300647
