MSE: 0.14128909756767669
R2: 0.8575895603881354
