MSE: 0.102690436480388
R2: 0.8961933631230861
