MSE: 0.5383885930261545
R2: 0.42994148973701296
