MSE: 0.12961948003418308
R2: 0.8685802494097866
