MSE: 0.07089477918873745
R2: 0.9249349396825133
