MSE: 0.12605110440610973
R2: 0.8649452452791682
