MSE: 0.08650913450322555
R2: 0.906281770954839
