MSE: 0.21417547891398378
R2: 0.7705262725921602
