MSE: 0.20064560017845118
R2: 0.7839201228847448
