MSE: 0.08512704828599409
R2: 0.9098654782854181
