MSE: 0.06255203320614693
R2: 0.9332778312467767
