MSE: 0.09128318779268915
R2: 0.9011098798912534
