MSE: 0.2883587209313683
R2: 0.6924173643398739
