MSE: 0.0642579256956006
R2: 0.9277098335924493
