MSE: 0.19283648857336452
R2: 0.7589543892832943
