MSE: 0.14709550342071395
R2: 0.842397674906378
