MSE: 0.08411462297035065
R2: 0.9102777354982926
