MSE: 0.06666905292384187
R2: 0.928886343547902
