MSE: 0.15188228240018048
R2: 0.8391834656939265
