MSE: 0.09757940540746561
R2: 0.8954506370634298
