MSE: 0.22776196482644043
R2: 0.7532578714380229
