MSE: 0.4059008327834911
R2: 0.5361133339617244
