MSE: 0.11877135773808421
R2: 0.8720923839743708
