MSE: 0.0752739503703549
R2: 0.9178829632323401
