MSE: 0.10965073528945973
R2: 0.8793841911815943
