MSE: 0.6072339117756901
R2: 0.3608064086571684
