Oracle: 87.25279681581287
Random: 26.603446824642397
_PCIe read bandwidth: 16.725535402366305
_PCIe write bandwidth: 64.06370345530564
_Long_Kernel: 54.436543708523985
_ave_Kernel_Length: 8.705264140140876
_long/short_Ratio: 8.705264140140876
_avg_Thread: 8.705264140140876
sm%: 5.0915647864494105
mem%: 54.436543708523985
CPU%: 87.25279681581287
MainMem%: 13.830275957345002
