MSE: 0.20819499054789858
R2: 0.7894657398953835
