Oracle: 205.76930989787746
Random: 68.74239041024836
_PCIe read bandwidth: 106.76269356725322
_PCIe write bandwidth: 106.76269356725322
_Long_Kernel: 176.94717967160324
_ave_Kernel_Length: 176.94717967160324
_long/short_Ratio: 26.14557169370164
_avg_Thread: 176.94717967160324
sm%: 41.75107226582546
mem%: 176.94717967160324
CPU%: 106.76269356725322
MainMem%: 86.38603969982773
