MSE: 0.21206411999206815
R2: 0.7861832839749395
