Oracle: 133.94077532678634
Random: 58.089193974570094
_Threads: 77.85250553854642
_Compute (SM) Throughput: 130.1578192011831
_DRAM Throughput: 114.6904001414022
_Memory Throughput: 77.85250553854642
_Registers: 77.85250553854642
_Static Shared Memory: 21.447149569400253
exclusive_throughput: 96.41398914546951
sm%: 29.212473290076435
mem%: 74.6446993294401
memcap: 96.41398914546951
