MSE: 0.04461667995935705
R2: 0.9547884309745182
