MSE: 0.10845881221524044
R2: 0.8896712082638071
