MSE: 0.1683725423286438
R2: 0.8294961596671961
