MSE: 0.0314804937653426
R2: 0.9660979297911695
