MSE: 0.09308930098878938
R2: 0.898448035284957
