MSE: 0.17498528123507398
R2: 0.8104326119953366
