MSE: 0.055669555662671184
R2: 0.9396913146987729
