MSE: 0.23083630215370904
R2: 0.749927339333482
