MSE: 0.21688528835656273
R2: 0.756004050598867
