MSE: 0.17971186963837307
R2: 0.8023169433977897
