MSE: 0.06683219668594548
R2: 0.9275984535902257
