MSE: 0.12854291350410937
R2: 0.855389222307877
