MSE: 0.06792443569590538
R2: 0.9272238188972443
