MSE: 0.11288175683680475
R2: 0.8745758257368836
