MSE: 0.388879775137367
R2: 0.2222404497252658
