MSE: 0.10704772026519237
R2: 0.8822475077082884
