MSE: 0.271048519809785
R2: 0.6837767268885842
