MSE: 0.2386105093031581
R2: 0.727302275082105
