MSE: 0.19050546229695087
R2: 0.7618681721288114
