MSE: 0.1020726388508792
R2: 0.8877200972640329
