MSE: 0.44841942962339093
R2: 0.4955281416736852
