MSE: 0.24008945492725814
R2: 0.735901599580016
