MSE: 0.039206987641382744
R2: 0.9572287407548552
