MSE: 0.5331606162407039
R2: 0.3906735814391957
