MSE: 0.27156793630854104
R2: 0.7266336005370977
