MSE: 0.03650505286712789
R2: 0.9606868661430931
