MSE: 0.10825645037264686
R2: 0.8901746155639815
