MSE: 0.013645620618873281
R2: 0.9840801092779812
