MSE: 0.1675550296450041
R2: 0.8045191320808286
