MSE: 0.03997053034169868
R2: 0.9543193938952015
