MSE: 0.0519041365866608
R2: 0.9423287371259325
