MSE: 0.2441253009252111
R2: 0.7070496388897468
