MSE: 0.1662891076754093
R2: 0.809955305513818
