MSE: 0.11638791186128108
R2: 0.8545151101733987
