MSE: 0.3000751767156439
R2: 0.6399097879412274
