MSE: 0.1113463740211663
R2: 0.8747353292261879
