MSE: 0.07434488929807871
R2: 0.888482666052882
