MSE: 0.1893903150793937
R2: 0.7869358955356821
