MSE: 0.11936722957807265
R2: 0.8635803090536313
