MSE: 1.9599201072474837
R2: -1.4499001340593551
