MSE: 0.06708065061662022
R2: 0.9254659437593109
