MSE: 0.1779321074291891
R2: 0.7924125413326126
