MSE: 0.15853599862054632
R2: 0.8018300017243171
