MSE: 0.12262486537951535
R2: 0.8365001794939796
