MSE: 0.06474920955256122
R2: 0.9244592555220119
