MSE: 0.6321397018904673
R2: 0.20982537263691614
