MSE: 0.14204933213905332
R2: 0.856756975994232
