MSE: 1.2747593752226828e+27
R2: -1.2786340237795906e+27
