Oracle: 237.77799074726983
Random: 66.60859093468703
_Threads: 184.90428772451725
_Compute (SM) Throughput: 237.77799074726983
_DRAM Throughput: 184.90428772451725
_Memory Throughput: 184.90428772451725
_Registers: 184.90428772451725
_Static Shared Memory: 34.64406508114433
exclusive_throughput: 107.72396008356401
sm%: 21.633764461714037
mem%: 184.90428772451725
memcap: 105.10968631023368
