MSE: 0.6442981361275623
R2: 0.32348695706605934
