Oracle: 111.6936463105265
Random: 62.95355987999284
_PCIe read bandwidth: 42.4633622271685
_PCIe write bandwidth: 77.52198214969651
_Long_Kernel: 95.80329100139396
_ave_Kernel_Length: 62.79540386243244
_long/short_Ratio: 62.79540386243244
_avg_Thread: 62.79540386243244
sm%: 51.7078453936235
mem%: 95.80329100139396
CPU%: 76.28574121418157
MainMem%: 70.4325907136153
