MSE: 0.13950136634948246
R2: 0.8587327935701443
