MSE: 0.12485869487724285
R2: 0.8735998397539022
