MSE: 0.23090554281137435
R2: 0.7683706153616308
