MSE: 0.17660795725120337
R2: 0.8220122930827716
