MSE: 0.748495440427812
R2: 0.20472359454544997
