MSE: 0.33291736883654494
R2: 0.6632114989676814
