MSE: 0.947832726934166
R2: -0.053147474371295855
