MSE: 0.008689588293188841
R2: 0.9884138822757482
