MSE: 0.03573590322881047
R2: 0.9591589677385023
