MSE: 0.14799009982467057
R2: 0.8224118802103954
