MSE: 0.11897586011661923
R2: 0.851280174854226
