MSE: 0.14221503947404895
R2: 0.8222312006574388
