MSE: 0.30735132672278276
R2: 0.6158108415965217
