MSE: 0.02587433048167961
R2: 0.9689508034219845
