MSE: 0.050548874985751516
R2: 0.9431325156410295
