MSE: 0.07807834086856134
R2: 0.9107676104359299
