MSE: 0.30548306203459613
R2: 0.6508765005318902
