MSE: 0.057924352293060734
R2: 0.9131134715604089
