MSE: 0.09552553142602375
R2: 0.8853693622887715
