MSE: 0.040918243328623705
R2: 0.9539669762552984
