MSE: 0.9264723224788154
R2: -0.2352964299717537
