MSE: 0.15914528541749776
R2: 0.7878062861100029
