MSE: 0.3530604217868839
R2: 0.5292527709508215
