MSE: 0.15592839309001988
R2: 0.7920954758799735
