MSE: 0.05150340814721771
R2: 0.9399126904949127
