MSE: 0.024941595401254815
R2: 0.9625876068981177
