MSE: 0.08576784326481547
R2: 0.9133829701682061
