MSE: 0.1608366108250855
R2: 0.8350393735127328
