MSE: 0.1228277982653508
R2: 0.8618187269514803
