MSE: 0.0751611536201952
R2: 0.9190572191782513
