MSE: 0.19355629277060823
R2: 0.7870880779523309
