MSE: 0.2405307576567611
R2: 0.7354161665775628
