MSE: 0.22780689940947607
R2: 0.7437172381643393
