MSE: 0.17256600956382287
R2: 0.7986729888422066
