MSE: 0.12106521216162808
R2: 0.861639757529568
