MSE: 0.07115753323854593
R2: 0.9199477751066358
