MSE: 0.04159916522347123
R2: 0.954619092483486
