MSE: 0.30581711025570874
R2: 0.6330194676931495
