MSE: 0.22696780733288804
R2: 0.7523987556368493
