MSE: 0.10452077702078819
R2: 0.8805476834048135
