MSE: 0.08318059407955618
R2: 0.9085013465124883
