MSE: 0.10493149058695089
R2: 0.8855292829960535
