MSE: 0.31888710253839986
R2: 0.5748171966154669
