MSE: 0.07780880518140476
R2: 0.9144103143004547
