MSE: 0.3846969100096797
R2: 0.5603463885603661
