MSE: 0.10508218440046091
R2: 0.8832420173328211
