MSE: 0.08454021293218408
R2: 0.906066430075351
