MSE: 0.19587774699231605
R2: 0.7714759618422979
