MSE: 0.1753465093913154
R2: 0.8232618516452614
