MSE: 0.27527102520554053
R2: 0.7063775731140902
