MSE: 0.07145882026066791
R2: 0.9245712452804061
