MSE: 0.11839176220855456
R2: 0.8800903946862075
