MSE: 0.6627218112171992
R2: 0.29829455282884787
