MSE: 0.5655262533358995
R2: 0.3830622690881097
