MSE: 0.7110222656384846
R2: 0.2342837139277858
