MSE: 0.641246161564363
R2: 0.29462922227920063
