MSE: 0.577826175559539
R2: 0.36964417211686673
