MSE: 0.37932893001085377
R2: 0.5914919215267729
