MSE: 0.49551465984922605
R2: 0.4753374189831724
