MSE: 0.5817786998594573
R2: 0.36973974181892144
