MSE: 0.5787419873841414
R2: 0.3767393982016939
