MSE: 0.7881967970223587
R2: 0.11327860334984652
