MSE: 0.719291042126163
R2: 0.22537887771028586
