MSE: 0.5138981539278503
R2: 0.4465712188469304
