MSE: 0.7617657382183882
R2: 0.17963689730327415
