MSE: 0.5683345870944903
R2: 0.2422205505406797
