MSE: 0.6651761227938349
R2: 0.29047880235324286
