MSE: 0.9709281495421053
R2: -0.07880905504678348
