MSE: 0.6466355089210084
R2: 0.29457944481344545
