MSE: 0.5071875056894317
R2: 0.450546868836449
