MSE: 0.813822958445824
R2: 0.11219313624091964
