MSE: 0.37782201062809384
R2: 0.5466135872462876
