MSE: 0.45697924119924244
R2: 0.5078685094777391
