MSE: 0.11139887035271083
R2: 0.8882519168875628
