MSE: 0.15217663571140677
R2: 0.8466059512029019
