MSE: 0.08459648602166737
R2: 0.9146678923607529
