MSE: 0.12643870384423658
R2: 0.8731081108373253
