MSE: 0.1556865241392713
R2: 0.8313395988491228
