MSE: 0.15963867870394177
R2: 0.8270580980707297
