MSE: 0.08315834724015904
R2: 0.9109017708141153
