MSE: 0.33624842171584113
R2: 0.6357308764745055
