MSE: 0.15062476089201599
R2: 0.8377887190393674
