MSE: 0.48346751448995956
R2: 0.46818573406104447
