MSE: 0.3306236234512675
R2: 0.6326404183874805
