MSE: 0.09554263655997983
R2: 0.8964954770600219
