MSE: 0.12621698461180453
R2: 0.8597589059868839
