MSE: 0.06476032606796167
R2: 0.9271446331735431
