MSE: 0.2605703155219006
R2: 0.6091445267171491
