MSE: 0.11383475508536206
R2: 0.8719359005289676
