MSE: 0.2010155287211663
R2: 0.7822331772187365
