MSE: 0.12991771377219222
R2: 0.8582715849757904
