MSE: 0.09997688316009168
R2: 0.8933579912959022
