MSE: 0.2529530752964214
R2: 0.7189410274484207
