MSE: 0.35710753514789717
R2: 0.5982540229586157
