MSE: 0.17109372578578014
R2: 0.8146484637320716
