MSE: 0.38910189795225075
R2: 0.5330777224572991
