MSE: 0.12216230639279747
R2: 0.8667320293896754
