MSE: 0.12251056504457015
R2: 0.866352110860469
