MSE: 0.14305165308045537
R2: 0.8331064047394687
