MSE: 0.26609144762663467
R2: 0.6895599777689263
