MSE: 0.07565085824752875
R2: 0.9135418762885386
