MSE: 0.31225056954425656
R2: 0.6252993165468922
