MSE: 0.496782904033927
R2: 0.33762279462143086
