MSE: 0.2623847680353582
R2: 0.7001316936738764
