MSE: 0.3260512152126187
R2: 0.6331923828858039
