MSE: 0.1439610551813936
R2: 0.835473079792693
