MSE: 0.3584696066145079
R2: 0.5903204495834196
