MSE: 0.06712359003704448
R2: 0.9105018799506074
