MSE: 0.18244075234552184
R2: 0.7871524555968912
