MSE: 0.24506635346763564
R2: 0.7199241674655592
