MSE: 0.07997758305155032
R2: 0.9040269003381396
