MSE: 0.07069790211647735
R2: 0.9151625174602271
