MSE: 0.09298523015224323
R2: 0.8953916160787263
