MSE: 0.34182842375054284
R2: 0.5442287683326095
