MSE: 0.10136003103174729
R2: 0.873299961210316
