MSE: 0.39288692402307024
R2: 0.4761507679692397
