MSE: 0.11861768874524685
R2: 0.8517278890684414
