MSE: 0.17282391920345555
R2: 0.8148315151391547
