MSE: 0.26153026061990914
R2: 0.7166755509950984
