MSE: 0.292425217565309
R2: 0.6832060143042487
