MSE: 0.2555465407784596
R2: 0.7160593991350448
