MSE: 0.2518139526252736
R2: 0.7288157433266285
