MSE: 0.25179936120697693
R2: 0.7202229319922479
