MSE: 0.33064334527155076
R2: 0.6362923202012942
