MSE: 0.10542089473237662
R2: 0.885794030706592
