MSE: 0.4084105535086457
R2: 0.5575552336989673
