MSE: 0.14782182228883478
R2: 0.8423233895585762
