MSE: 0.18095225488412156
R2: 0.7964287132553632
