MSE: 0.15555747065456532
R2: 0.8303009411041107
