MSE: 0.10794984090654103
R2: 0.8785564289801413
