MSE: 0.2599562626361339
R2: 0.7183807154775217
