MSE: 0.12021354381249161
R2: 0.8196796842812626
