MSE: 0.215126071809574
R2: 0.7669467555396282
