MSE: 0.2755400617726289
R2: 0.6900174305057926
