MSE: 0.1280900411777929
R2: 0.8602654096242259
