MSE: 0.21186244826251877
R2: 0.7688773291681614
