MSE: 0.47497335767014437
R2: 0.4722518248109506
