MSE: 0.2169793437769454
R2: 0.7396247874676656
