MSE: 0.05364024008336834
R2: 0.9447342980959235
