MSE: 0.09302046965473332
R2: 0.8998241096025948
