MSE: 0.10386632302770284
R2: 0.8874781500533219
