MSE: 0.04041181424696411
R2: 0.9564795846571156
