MSE: 0.22755492978295583
R2: 0.7496895772387486
