MSE: 0.11034207197549432
R2: 0.8773976978050063
