MSE: 0.290632895964795
R2: 0.6851476960381386
