MSE: 0.4241775433527434
R2: 0.5286916184969517
