MSE: 0.45440214174751337
R2: 0.4887975905340476
