MSE: 0.08297417970677201
R2: 0.9114942083127765
