MSE: 0.07438336061024385
R2: 0.9194180260055691
