MSE: 0.05822799474477395
R2: 0.9364785511875193
