MSE: 0.1741660142612224
R2: 0.8113201512170091
