MSE: 0.22319983612419383
R2: 0.7489001843602818
