MSE: 0.06391130464971058
R2: 0.9311724411464655
