MSE: 1.098678174912141
R2: -0.6480172623682121
