MSE: 0.06780766622004783
R2: 0.9265416949282815
