MSE: 0.4154508777049385
R2: 0.5430040345245676
