MSE: 0.1411172864208205
R2: 0.8460538693591049
