MSE: 0.13548150074571105
R2: 0.847583311661075
