MSE: 0.49392377211885724
R2: 0.40729147345737127
