MSE: 0.20026324616602448
R2: 0.7663595461396381
