MSE: 0.21108815195406358
R2: 0.7874040755319789
