MSE: 0.09735171547297075
R2: 0.8980124885521259
