Oracle: 89.4851976413802
Random: 41.673567789248665
_Threads: 76.93383023374192
_Compute (SM) Throughput: 88.81170980494385
_DRAM Throughput: 76.93383023374192
_Memory Throughput: 76.93383023374192
_Registers: 38.916830172307165
_Static Shared Memory: 17.68190938263188
exclusive_throughput: 63.12747376541071
sm%: 19.3818583977883
mem%: 76.93383023374192
memcap: 54.465999111368106
