MSE: 0.0651462040422553
R2: 0.9239960952840355
