MSE: 0.17832063816740806
R2: 0.7919592554713573
