MSE: 0.0953986104162684
R2: 0.8909730166671218
