MSE: 0.23962204431921935
R2: 0.7261462350637493
