MSE: 0.10192420865818197
R2: 0.8835151901049348
