MSE: 0.1609144825152048
R2: 0.8160977342683373
