MSE: 0.6189125941955911
R2: 0.1747832077392122
