MSE: 0.562574042339912
R2: 0.3249111491921056
