MSE: 0.1400498324744923
R2: 0.8424439384661961
