MSE: 0.30787161994902856
R2: 0.6481467200582531
