MSE: 0.025350385578785058
R2: 0.9661994858949533
