MSE: 0.10433451591488722
R2: 0.8782763980992982
