MSE: 0.19648490409375508
R2: 0.7642181150874939
