MSE: 0.09781208440251828
R2: 0.882625498716978
