MSE: 0.19326505229623522
R2: 0.7423132636050196
