MSE: 0.3898253482514595
R2: 0.48023286899805406
