MSE: 0.04377487485883997
R2: 0.94528140642645
