MSE: 0.1076897303491621
R2: 0.8653878370635474
