MSE: 0.1478204137078329
R2: 0.833702034578688
