MSE: 0.06959899946213746
R2: 0.929520000544671
