MSE: 0.0895776748300285
R2: 0.8954927126983001
