MSE: 0.3889609838697627
R2: 0.4813853548403163
