MSE: 0.060087380685320275
R2: 0.9278951431776157
