MSE: 0.42901018494028115
R2: 0.3564847225895782
