MSE: 0.17509035599043235
R2: 0.7957279180111623
