MSE: 0.04042696478728976
R2: 0.9494662940158878
