MSE: 0.028370273469136686
R2: 0.9675768303209866
