MSE: 0.8898688015328995
R2: -0.06784256183947979
