MSE: 0.09354508808615734
R2: 0.8877458942966112
