MSE: 0.3142699841277398
R2: 0.5285950238083903
