MSE: 0.06286959542398206
R2: 0.9245564854912215
