MSE: 0.2227581861072957
R2: 0.7326901766712453
