MSE: 0.8186419359500532
R2: -0.6372838719001059
