MSE: 0.1444266912527157
R2: 0.8315021935384983
