MSE: 0.0492768121502971
R2: 0.9425103858246534
