MSE: 0.044583040330080204
R2: 0.9479864529482398
