MSE: 0.2089921067113029
R2: 0.7387598666108715
