MSE: 0.4502117712504174
R2: 0.4597458744994991
