MSE: 0.0661745595204782
R2: 0.9007381607192827
