MSE: 0.2100698136586497
R2: 0.7549185507315754
