MSE: 0.24859204786501884
R2: 0.6685439361799748
