MSE: 0.08056752246313988
R2: 0.9060045571263368
