MSE: 0.11329391950710761
R2: 0.8640472965914708
