MSE: 0.5054186934025118
R2: 0.41034485769706963
