MSE: 0.07685693322631477
R2: 0.9103335779026328
