MSE: 0.2296821380118645
R2: 0.7128973274851695
