MSE: 0.14423175246574438
R2: 0.8351637114677207
