MSE: 0.17388238778784929
R2: 0.8067973469023897
