MSE: 0.21894977179755046
R2: 0.7372602738429395
