MSE: 0.1369988238690831
R2: 0.8173349015078892
