MSE: 0.1570242216219397
R2: 0.8115709340536723
