MSE: 0.18213348155052267
R2: 0.7723331480618467
