MSE: 0.10038120187808564
R2: 0.8828885978089
