MSE: 0.09877791855596733
R2: 0.851833122166049
