MSE: 0.16102400905727418
R2: 0.806771189131271
