MSE: 0.5853830847633861
R2: 0.3170530677760496
