MSE: 0.14228455515591018
R2: 0.8340013523181048
