MSE: 0.14155717826312214
R2: 0.8348499586930243
