MSE: 0.16690557353160612
R2: 0.8316303424900465
