MSE: 0.11552456184369898
R2: 0.8829553781320418
