Oracle: 272.75664556370964
Random: 78.02462875909157
_Threads: 176.9471796716032
_Compute (SM) Throughput: 272.75664556370964
_DRAM Throughput: 176.9471796716032
_Memory Throughput: 142.92783657104707
_Registers: 176.9471796716032
_Static Shared Memory: 21.447149569400253
exclusive_throughput: 114.60182393549314
sm%: 43.97058431684599
mem%: 142.92783657104707
memcap: 140.5083447321067
