MSE: 0.11028436542269808
R2: 0.8883869072830526
