MSE: 0.2152553241414159
R2: 0.7816695997994211
