Oracle: 113.33801837763056
Random: 44.157828252337076
_Threads: 113.33801837763056
_Compute (SM) Throughput: 113.33801837763056
_DRAM Throughput: 113.33801837763056
_Memory Throughput: 89.9108670726992
_Registers: 71.58817203329656
_Static Shared Memory: 46.88842696063265
exclusive_throughput: 89.65572629027147
sm%: 18.546824945942557
mem%: 89.9108670726992
memcap: 99.52938586641385
