MSE: 0.1365411909933585
R2: 0.8623114040403107
