MSE: 0.10284480281822608
R2: 0.8959161031719157
