MSE: 0.42992811819412446
R2: 0.5600735534757795
