Oracle: 114.48408416856846
Random: 59.26416020312426
_Threads: 114.48408416856846
_Compute (SM) Throughput: 113.5649912013775
_DRAM Throughput: 114.48408416856846
_Memory Throughput: 59.64909971975546
_Registers: 114.48408416856846
_Static Shared Memory: 114.48408416856846
exclusive_throughput: 92.08200263516918
sm%: 19.255192813469222
mem%: 114.48408416856846
memcap: 63.7344598982523
