MSE: 0.31525404464069684
R2: 0.6560864967556034
