MSE: 0.2862163229223044
R2: 0.6899323168341702
