MSE: 0.14060320692091752
R2: 0.8485811617774734
