MSE: 0.13911485902809523
R2: 0.8492922360528969
