MSE: 0.31442648327571326
R2: 0.6541308683967154
