MSE: 0.2751068802583544
R2: 0.6905047597093514
