MSE: 0.37246162649285863
R2: 0.5964999046327366
