MSE: 0.28036214707028356
R2: 0.684592584545931
