MSE: 0.256566671757655
R2: 0.7220527722625405
