MSE: 0.260168450464701
R2: 0.6964701411245156
