MSE: 0.2879057069064125
R2: 0.6833037224029461
