MSE: 0.024090969647745635
R2: 0.9518180607045087
