MSE: 0.15723274819030408
R2: 0.8252969464552177
