MSE: 0.14391294871098675
R2: 0.8355280586160152
