MSE: 0.1801104552294466
R2: 0.8070245122541644
