MSE: 0.38344263729648126
R2: 0.5686270330414586
