MSE: 0.33797639445814154
R2: 0.6137412634764098
