MSE: 0.1980273433491148
R2: 0.7524658208136066
