MSE: 0.1834366946789977
R2: 0.7998872421683662
