MSE: 0.32088782976295055
R2: 0.6470233872607543
