MSE: 0.17646738768666623
R2: 0.8058858735446672
