MSE: 0.04283334401790705
R2: 0.9564644700145862
