MSE: 0.15903563987008484
R2: 0.8296046715677663
