MSE: 0.09092604615745953
R2: 0.9037253628921017
