MSE: 0.07769060569812782
R2: 0.9167600653234345
