MSE: 0.11460792040177943
R2: 0.8777515515714353
