MSE: 0.28756036588732126
R2: 0.6903196059675001
