MSE: 0.12655930290130757
R2: 0.8607847668085616
