MSE: 0.12438866728614724
R2: 0.8667264279076994
