MSE: 0.4189633700187706
R2: 0.5548514193550562
