MSE: 0.30537391549306525
R2: 0.6711357833151607
