MSE: 0.1903374616339305
R2: 0.7977664470139489
