MSE: 0.23580346574000732
R2: 0.7473534295642779
