MSE: 0.24939225594299988
R2: 0.6882596800712502
