MSE: 0.13325911511207064
R2: 0.8572223766656386
