MSE: 0.0764256776268251
R2: 0.9181153453998302
