MSE: 0.07868576791433193
R2: 0.9134456552942349
