MSE: 0.23061131969582047
R2: 0.7529164431830495
