MSE: 0.03906155574591576
R2: 0.9576833146085912
