MSE: 0.20808870003088253
R2: 0.7745705749665439
