MSE: 0.5621033654465531
R2: 0.3575961537753678
