MSE: 0.17945870820051715
R2: 0.8077228126423031
