MSE: 0.029405859116515908
R2: 0.9676535549718325
