Oracle: 106.13902332527104
Random: 49.15986495825415
_Threads: 86.58610280397195
_Compute (SM) Throughput: 98.89726594585889
_DRAM Throughput: 86.58610280397195
_Memory Throughput: 86.58610280397195
_Registers: 44.81708804283658
_Static Shared Memory: 15.933414492218098
exclusive_throughput: 106.13902332527104
sm%: 38.3255436947735
mem%: 86.58610280397195
memcap: 82.88271442184208
