MSE: 0.2250722871596047
R2: 0.7374156649804611
