MSE: 0.23367867360833447
R2: 0.7273748807902765
