MSE: 0.08298258658851392
R2: 0.8962717667643576
