MSE: 0.08358034471680667
R2: 0.8885595403775911
