MSE: 0.29246021264879246
R2: 0.6490477448214491
