MSE: 0.07626875112793448
R2: 0.8983083318294207
