MSE: 0.48277263444621743
R2: 0.3965342069422283
