MSE: 0.3095016752832419
R2: 0.6462837996762949
