MSE: 0.3465335180890853
R2: 0.603961693612474
