MSE: 0.11056916071910095
R2: 0.8341462589213486
