MSE: 0.01834656215124469
R2: 0.9755379171316737
