MSE: 0.1390312963830636
R2: 0.8377968208864258
