MSE: 0.12626407336747275
R2: 0.8484831119590327
