MSE: 0.0896259776137945
R2: 0.8924488268634466
