MSE: 0.13647215276735689
R2: 0.8407824884380837
