MSE: 0.1465144106967274
R2: 0.8168569866290907
