MSE: 0.3435129311779841
R2: 0.48473060323302386
