MSE: 0.2650767005286745
R2: 0.6819079593655907
