MSE: 0.1380906329922153
R2: 0.8388942615090822
