MSE: 0.2893269042729283
R2: 0.69459937882302
