MSE: 0.1353333341342041
R2: 0.842111110176762
