MSE: 0.08364486428144204
R2: 0.9079906492904137
