MSE: 0.21235795010463338
R2: 0.757305199880419
