MSE: 0.17031885691178783
R2: 0.8107568256535691
