MSE: 0.32310648801564673
R2: 0.6445828631827886
