MSE: 0.18120103112997407
R2: 0.7825587626440311
