MSE: 0.022318560560450937
R2: 0.9752015993772767
