MSE: 0.15032726257503373
R2: 0.8246181936624607
