MSE: 0.18511102707409124
R2: 0.7840371350802269
