MSE: 0.09826719883369571
R2: 0.8771660014578804
