MSE: 0.03256712081424592
R2: 0.9565771722476721
