MSE: 0.040403483060031345
R2: 0.9538245907885357
