MSE: 0.08608209341720688
R2: 0.9031576449056422
