MSE: 0.06789225484774677
R2: 0.9224088516025751
