MSE: 0.0828956091958307
R2: 0.9052621609190507
