MSE: 0.22590434897011194
R2: 0.7289147812358657
