MSE: 0.039576301670221144
R2: 0.9547699409483187
