MSE: 0.5289520892169475
R2: 0.33880988847881555
