MSE: 0.027535346937413826
R2: 0.9449293061251723
