MSE: 0.11349481238749247
R2: 0.8702916429857229
