MSE: 1.3823462357810472
R2: -0.40538533971073143
