MSE: 0.16841791202701042
R2: 0.8311129572988196
