Oracle: 147.22605482795876
Random: 55.82964184844204
_Threads: 111.53113075853594
_Compute (SM) Throughput: 147.22605482795876
_DRAM Throughput: 111.53113075853594
_Memory Throughput: 111.53113075853594
_Registers: 111.53113075853594
_Static Shared Memory: 8.361036435160862
exclusive_throughput: 102.37863710108465
sm%: 15.844465121895539
mem%: 111.53113075853594
memcap: 82.14507012102716
