MSE: 0.07680675181506295
R2: 0.9227101868527668
