MSE: 0.24294688221560956
R2: 0.7554441980346183
