MSE: 0.9716614118735248
R2: -0.046404597402257775
