MSE: 0.7028850925325386
R2: 0.24690882942942272
