MSE: 1.0073428297695364
R2: -0.07929588903878892
