MSE: 0.6618170218702694
R2: 0.2830315596405416
