MSE: 0.5186835231927428
R2: 0.44426765372206145
