MSE: 0.6711778897285311
R2: 0.26170432129861565
