MSE: 0.5582024370114962
R2: 0.38597731928735435
