MSE: 0.7911468854781024
R2: 0.1369306703875247
