MSE: 0.8155513633408732
R2: 0.13347667645032224
