MSE: 0.9820980482275444
R2: -0.3094640643033928
