MSE: 0.6859372126744263
R2: 0.2569013529360381
