MSE: 0.5657787956702152
R2: 0.39650261795177044
