MSE: 0.8256520217241962
R2: 0.11537283386693287
