MSE: 0.8946737958429356
R2: 0.005918004618960415
