MSE: 0.7267277370818798
R2: 0.2173701292964373
