MSE: 1.0906908949640468
R2: -0.21187877218227436
