MSE: 1.1445539691943707
R2: -0.24860433003022253
