MSE: 0.9524878188549091
R2: -0.058319798727676675
