MSE: 0.5914106007011624
R2: 0.35482479923509536
