MSE: 0.5843723780165854
R2: 0.3182322256473171
