MSE: 0.6164176276476353
R2: 0.3361656317640852
