MSE: 0.053356124072265046
R2: 0.9377511885823574
