MSE: 0.1548266115273525
R2: 0.8441412110624652
