MSE: 0.07643809873598667
R2: 0.9225943303939376
