MSE: 0.1419600798042204
R2: 0.8471199140569935
