MSE: 0.21930742956845892
R2: 0.7624169513008362
