MSE: 0.1642631301635249
R2: 0.8208038580034274
