MSE: 0.19699525882982702
R2: 0.7865884696010208
