MSE: 0.1263260681200687
R2: 0.8631467595365923
