MSE: 0.20508529879103435
R2: 0.7692790388600864
