MSE: 0.3954509566803269
R2: 0.5650039476516404
