MSE: 0.30213585444654806
R2: 0.6726861576829064
