MSE: 0.25940715033765593
R2: 0.7081669558701371
