MSE: 0.18914741764843185
R2: 0.7793280127434962
