MSE: 0.1894979089144102
R2: 0.7915523001941487
