MSE: 0.1200044404596643
R2: 0.8666617328225952
