MSE: 0.14880520185668086
R2: 0.8405658551535562
