MSE: 0.11347329299768276
R2: 0.8703162365740769
