MSE: 0.03372429180919556
R2: 0.9325514163816089
