MSE: 0.36449764079953334
R2: 0.5443779490005833
