MSE: 0.18717887046566595
R2: 0.7941032424877674
