MSE: 0.452041087419317
R2: 0.4833816143779236
