MSE: 0.18331141970295461
R2: 0.800023905778595
