MSE: 0.33532891698923833
R2: 0.6227549683871069
