MSE: 0.1584501563364525
R2: 0.8257048280299022
