MSE: 0.46238706429375187
R2: 0.5144935824915604
