Oracle: 106.13902332527104
Random: 49.15986495825415
_PCIe read bandwidth: 37.082995147583375
_PCIe write bandwidth: 106.13902332527104
_Long_Kernel: 86.58610280397195
_ave_Kernel_Length: 44.81708804283658
_long/short_Ratio: 44.81708804283658
_avg_Thread: 44.81708804283658
sm%: 38.3255436947735
mem%: 86.58610280397195
CPU%: 38.916830172307165
MainMem%: 82.88271442184208
