MSE: 0.08754515080032169
R2: 0.9118158335004058
