MSE: 0.21752444503220733
R2: 0.7462214807957581
