MSE: 0.16426759471004793
R2: 0.8344490647062799
