MSE: 0.3422781617369683
R2: 0.6529679749055737
