Oracle: 121.73546212467168
Random: 54.65219381566784
_PCIe read bandwidth: 98.70039377383274
_PCIe write bandwidth: 98.70039377383274
_Long_Kernel: 105.1775981069814
_ave_Kernel_Length: 105.1775981069814
_long/short_Ratio: 23.244949840266443
_avg_Thread: 105.1775981069814
sm%: 21.633764461714037
mem%: 105.1775981069814
CPU%: 98.70039377383274
MainMem%: 82.82117078930126
