MSE: 0.14149973286106787
R2: 0.8467086227338431
