MSE: 0.1909404973532516
R2: 0.7899654529114233
