MSE: 0.2765529785116777
R2: 0.6927189127648026
