MSE: 0.254155862450953
R2: 0.7140746547426778
