MSE: 0.05936023716245706
R2: 0.935243377640956
