MSE: 0.46374090115226446
R2: 0.49410083510662073
