MSE: 0.31350836049080877
R2: 0.6417047308676472
