MSE: 0.22591514316652905
R2: 0.7535471165456047
