MSE: 0.3439198507167884
R2: 0.6130901679436132
