MSE: 0.07259142488414655
R2: 0.9193428612398372
