MSE: 0.1772368361751074
R2: 0.7932236911290413
