MSE: 0.11625094934613452
R2: 0.8604988607846387
