MSE: 0.12976255695762293
R2: 0.8594238966292418
