MSE: 0.10036798025329333
R2: 0.8884800219407852
