MSE: 0.2459266535204454
R2: 0.7267481627550607
