MSE: 0.10920824460675624
R2: 0.8798709309325682
