MSE: 0.05443950213921936
R2: 0.9377834261266065
