MSE: 0.32792748460929183
R2: 0.6174179346224928
