MSE: 0.4070566146021012
R2: 0.5420613085726362
