MSE: 0.2649331340766675
R2: 0.64675582123111
