MSE: 0.04383936695464395
R2: 0.9556057043497277
