MSE: 0.3542169723675342
R2: 0.6103613303957124
