MSE: 0.7377329942275259
R2: 0.15687657802568467
