MSE: 0.7517007051678072
R2: 0.12301584397089205
