MSE: 0.3160982270340248
R2: 0.6312187351269711
