MSE: 0.4352732738277102
R2: 0.5163630290803221
