MSE: 0.6498783650894399
R2: 0.24180857406232015
