MSE: 0.7529005788899621
R2: 0.09651930533204545
