MSE: 0.4753039317946472
R2: 0.47188452022816973
