MSE: 0.6579199372625234
R2: 0.27628806901122427
