MSE: 0.3384545486015461
R2: 0.5769318142480675
