MSE: 0.3523578956281339
R2: 0.6035973674183494
