MSE: 0.09528525853554509
R2: 0.8729529886192732
