MSE: 0.23225840510787424
R2: 0.734561822733858
