MSE: 0.580349459324997
R2: 0.3367434750571463
