MSE: 0.4583031107879455
R2: 0.47622501624234814
