MSE: 0.6384696381887732
R2: -0.2769392763775467
