MSE: 0.48362929340108496
R2: 0.3954633832486437
