MSE: 0.31734206130375064
R2: 0.6191895264354993
