MSE: 0.5458932787170953
R2: 0.37612196718046276
