MSE: 0.37401482993306046
R2: 0.5725544800765023
