MSE: 0.10141286850015331
R2: 0.8981628098743231
