MSE: 0.22384858868833327
R2: 0.7755278776384401
