Oracle: 207.41793366309494
Random: 66.57245108661115
_PCIe read bandwidth: 91.58189165218178
_PCIe write bandwidth: 91.58189165218178
_Long_Kernel: 142.92783657104707
_ave_Kernel_Length: 142.92783657104707
_long/short_Ratio: 43.32742325623928
_avg_Thread: 142.92783657104707
sm%: 41.20339276610093
mem%: 142.92783657104707
CPU%: 85.86660666460705
MainMem%: 76.9651063523028
