Oracle: 94.70793568702607
Random: 40.27570873469444
_Threads: 68.5672618509105
_Compute (SM) Throughput: 89.07135745689351
_DRAM Throughput: 68.5672618509105
_Memory Throughput: 68.5672618509105
_Registers: 68.5672618509105
_Static Shared Memory: 21.44714956940025
exclusive_throughput: 65.65785034066253
sm%: 12.742258925834797
mem%: 68.5672618509105
memcap: 56.55943522531453
