MSE: 0.32313823479879933
R2: 0.6747217768912748
