MSE: 0.3787121624331273
R2: 0.6180509814777007
