Oracle: 136.82027810230517
Random: 51.11318294457014
_Threads: 59.32846022223774
_Compute (SM) Throughput: 133.7652487803011
_DRAM Throughput: 136.82027810230517
_Memory Throughput: 78.48211061299526
_Registers: 59.32846022223774
_Static Shared Memory: 19.309416702655128
exclusive_throughput: 83.55274374749752
sm%: 19.73276295970534
mem%: 78.48211061299526
memcap: 83.55274374749752
