MSE: 0.0829581573790288
R2: 0.9152767754426939
