MSE: 0.28145774943174534
R2: 0.7145214255763727
