MSE: 0.09988656676912362
R2: 0.8957705390235232
