Oracle: 156.93491097383946
Random: 102.95686767106379
_Threads: 135.83665746252723
_Compute (SM) Throughput: 155.30056962458195
_DRAM Throughput: 135.83665746252723
_Memory Throughput: 135.83665746252723
_Registers: 103.63906870755716
_Static Shared Memory: 72.4719341429697
exclusive_throughput: 117.77324903484184
sm%: 70.16796608077425
mem%: 135.83665746252723
memcap: 141.60282268171085
