MSE: 0.6933563510860582
R2: 0.2977544649256587
