Oracle: 131.3861741937648
Random: 77.9671213932304
_Threads: 92.95308256742584
_Compute (SM) Throughput: 106.7078449163537
_DRAM Throughput: 114.85334976131068
_Memory Throughput: 78.48211061299526
_Registers: 92.95308256742584
_Static Shared Memory: 74.6913095046888
exclusive_throughput: 97.98684028748853
sm%: 52.34154609317178
mem%: 101.83652194639207
memcap: 97.98684028748853
