MSE: 0.3946137077032382
R2: 0.6027729564841575
