MSE: 0.17719339324485678
R2: 0.8212657946399705
