MSE: 0.3169436043424401
R2: 0.6619268220347305
