MSE: 0.38035784411362583
R2: 0.6141297233629883
