MSE: 0.08846350441674346
R2: 0.9109046134088512
