MSE: 0.18241024836280056
R2: 0.8163736833147808
