MSE: 0.06589165595820076
R2: 0.9331248864901843
