MSE: 0.13748357809456804
R2: 0.86098882659327
