MSE: 0.10881766616550562
R2: 0.8834096433941011
