MSE: 0.08965274275388498
R2: 0.9039434899065518
