MSE: 0.08865160564614538
R2: 0.9045290400733819
