MSE: 0.29370337935845164
R2: 0.6795963134271437
