MSE: 0.09813129453862404
R2: 0.8920555760075135
