MSE: 0.22859759443295416
R2: 0.7523526060309663
