MSE: 0.061365604217175455
R2: 0.9347990455192511
