MSE: 0.16484358605603805
R2: 0.8233818720828164
