MSE: 0.16422263594456266
R2: 0.8193551004609811
