MSE: 0.14256162975662973
R2: 0.8472553966893254
