MSE: 0.1546162966898609
R2: 0.8334901420263037
