MSE: 0.13537443615796516
R2: 0.8556006014315038
