MSE: 0.22785918059823876
R2: 0.6961877592023482
