MSE: 0.07103337652174908
R2: 0.9230471754347718
