MSE: 0.08601768227369791
R2: 0.904424797473669
