MSE: 0.09397480394939517
R2: 0.8974820320552053
