MSE: 0.123688302981618
R2: 0.8625685522426467
