MSE: 0.23999677917631282
R2: 0.720003757627635
