MSE: 0.09866317803390746
R2: 0.893747346732715
