MSE: 0.2286517772396948
R2: 0.7505616975566965
