MSE: 0.15326818581586435
R2: 0.8297020157601507
