MSE: 0.11139887035271082
R2: 0.8882519168875628
