MSE: 0.30594949516948317
R2: 0.6905338439664999
