Oracle: 147.22605482795876
Random: 55.82964184844204
_PCIe read bandwidth: 102.37863710108466
_PCIe write bandwidth: 102.37863710108466
_Long_Kernel: 111.53113075853594
_ave_Kernel_Length: 111.53113075853594
_long/short_Ratio: 31.341922007648797
_avg_Thread: 111.53113075853594
sm%: 15.844465121895539
mem%: 111.53113075853594
CPU%: 102.37863710108466
MainMem%: 82.14507012102715
