MSE: 0.20174520584721364
R2: 0.7694340504603272
