MSE: 0.6195677529081935
R2: 0.2919225681049217
