MSE: 0.02810605382716451
R2: 0.9693388503703659
