MSE: 0.05364916830132629
R2: 0.9409859148685411
