MSE: 0.44630925226721624
R2: 0.4793058723549145
