MSE: 0.28510791606381547
R2: 0.6741623816413538
