MSE: 0.09140035623562522
R2: 0.8933662510584373
