MSE: 0.2395111072399798
R2: 0.7387151557382039
