MSE: 0.11711555365712657
R2: 0.8711728909771608
