MSE: 0.028411949697491844
R2: 0.9690051457845543
