MSE: 0.23903901911121592
R2: 0.7131531770665409
