MSE: 0.14091844269604784
R2: 0.8434239525599468
