MSE: 0.2309382067274638
R2: 0.7360706208828985
