MSE: 0.24591785312344247
R2: 0.704898576251869
