MSE: 0.5314203252516495
R2: 0.20286951212252569
