MSE: 0.2599220052030422
R2: 0.7029462797679518
