MSE: 0.3132974211109803
R2: 0.6344863420371896
