MSE: 0.08314003293338088
R2: 0.9064674629499465
