MSE: 0.18488812945987798
R2: 0.7920008543576372
