MSE: 4.257972008929271
R2: -4.109566410715125
