MSE: 0.10302848995634785
R2: 0.8966845226064478
