MSE: 0.11322517078992629
R2: 0.8853415992000747
