MSE: 0.10639599730420289
R2: 0.8923810601980476
