MSE: 0.17134563251589446
R2: 0.8270225043172875
