MSE: 0.1543969255651257
R2: 0.845049680436433
