MSE: 0.12359869351329152
R2: 0.8749121656010062
