Oracle: 133.94077532678634
Random: 58.089193974570094
_PCIe read bandwidth: 86.87195783150236
_PCIe write bandwidth: 86.87195783150236
_Long_Kernel: 77.85250553854642
_ave_Kernel_Length: 26.308333286096243
_long/short_Ratio: 15.828620510460219
_avg_Thread: 77.85250553854642
sm%: 29.21247329007643
mem%: 74.6446993294401
CPU%: 86.87195783150236
MainMem%: 56.71483252263661
