MSE: 0.15473427731660497
R2: 0.8447111195388911
