MSE: 0.22873106710564314
R2: 0.754930999529668
