MSE: 0.2553614225516577
R2: 0.7296173172982447
