MSE: 0.2636841902388321
R2: 0.7174812247441085
