MSE: 0.2756413764305596
R2: 0.7059825318074031
