MSE: 0.23414153122404024
R2: 0.7478475817587258
