MSE: 0.3245844560513807
R2: 0.655129015445408
