MSE: 0.2877303029236879
R2: 0.6834966667839433
