MSE: 0.25166722746479775
R2: 0.7303565420020024
