MSE: 0.35001347246542464
R2: 0.6230624142680045
