MSE: 0.25238371087790923
R2: 0.7295888812022401
