MSE: 0.19170038435614353
R2: 0.7891295772082422
