MSE: 0.15689265129427046
R2: 0.8038841858821619
