MSE: 0.2869514582885512
R2: 0.6925520089765522
