MSE: 0.2858945861460706
R2: 0.6936843719863529
