MSE: 0.25774348621890353
R2: 0.726147545892415
