MSE: 0.21920966629172603
R2: 0.7651325004017221
