MSE: 0.4335579266241573
R2: 0.5303122461571628
