MSE: 0.32650607638620693
R2: 0.6408433159751723
