MSE: 0.2561138328406586
R2: 0.7255923219564372
