MSE: 0.49310160602854614
R2: 0.4364553073959473
