MSE: 0.24194726126012153
R2: 0.7378904669682016
