MSE: 0.055609570297366434
R2: 0.9393350142210548
