MSE: 0.06087171545461046
R2: 0.930432325194731
