MSE: 0.05843358008005482
R2: 0.9350737999110502
