MSE: 0.08377894216394886
R2: 0.9086047903666012
