MSE: 0.316463573693836
R2: 0.648373807006849
