MSE: 0.19388956560996812
R2: 0.7818742386887858
