MSE: 0.2150379835278485
R2: 0.7542423045396016
