MSE: 0.06509800294959715
R2: 0.9289839967822576
