MSE: 0.20228486054319825
R2: 0.7793256066801475
