MSE: 0.10050569345898115
R2: 0.8883270072677987
