MSE: 0.13111906107624227
R2: 0.8543121543597307
