MSE: 0.0347234665398776
R2: 0.9594892890368094
