MSE: 0.17136882177472113
R2: 0.8114942960478068
