MSE: 0.1047502738077909
R2: 0.8857269740278645
