MSE: 0.12628616122116137
R2: 0.8596820430875984
