MSE: 0.054122233512943284
R2: 0.9368573942348994
