MSE: 0.163024936737716
R2: 0.8165969461700695
