MSE: 0.4487802813067876
R2: 0.40162629159094987
