MSE: 0.10847826605986284
R2: 0.8806739073341509
