MSE: 0.22520660791602334
R2: 0.737258957431306
