MSE: 0.20258405953789566
R2: 0.7829456504951118
