MSE: 0.26552180999001357
R2: 0.7140534353953699
