MSE: 0.2296050221994376
R2: 0.7539946190720311
