MSE: 0.2562048594028129
R2: 0.7224447356469528
