MSE: 0.1466117982050015
R2: 0.8387270219744983
