MSE: 0.19814511477807362
R2: 0.7894708155482968
