MSE: 0.2214411583534267
R2: 0.7627416160499
