MSE: 0.22734230198974378
R2: 0.7499234678112819
