MSE: 0.30371727859533754
R2: 0.6686720597141773
