MSE: 0.1382543863691951
R2: 0.8502244147667053
