MSE: 0.23172532087217831
R2: 0.6910329055037623
