MSE: 0.39986721082928084
R2: 0.5715708455400563
