MSE: 0.28063539050573083
R2: 0.6881828994380769
