MSE: 0.24328565646306627
R2: 0.7404952997727293
