MSE: 0.26228792967766373
R2: 0.7175360757317468
