MSE: 0.1694354084046157
R2: 0.8023253568612817
