MSE: 0.16437256639191458
R2: 0.8229833900394766
