MSE: 0.17035445168228566
R2: 0.814158779982961
