MSE: 0.3859659630021147
R2: 0.5711489299976502
