MSE: 0.49253289875544776
R2: 0.4626913831758752
