MSE: 0.344582182616439
R2: 0.6171309082039566
