MSE: 0.18626354805737785
R2: 0.8115705967326527
