MSE: 0.1583625186257789
R2: 0.8405956226990514
