MSE: 0.1592925946856167
R2: 0.8391608752688919
