MSE: 0.12904997504976565
R2: 0.8705454795739028
