MSE: 0.2660448202128308
R2: 0.689614376418364
