MSE: 0.08098234888824714
R2: 0.9100196123463921
