MSE: 0.12382482699189341
R2: 0.8555377018427911
