MSE: 0.12432399619088613
R2: 0.8579154329247016
