MSE: 0.17872604049381494
R2: 0.7855287514074221
