MSE: 0.12857413826396868
R2: 0.8457110340832376
