MSE: 0.032397569921741406
R2: 0.9595030375978233
