MSE: 0.33652253762904816
R2: 0.5513032831612692
