MSE: 0.3188921340369898
R2: 0.6456754066255668
