MSE: 0.027803081944961887
R2: 0.9629292240733841
