MSE: 0.08424830599102613
R2: 0.8989020328107686
