MSE: 0.08088058359044692
R2: 0.9056393191444786
