MSE: 0.09157850907807731
R2: 0.8778953212292302
