MSE: 0.04593832047109031
R2: 0.9474990623187539
