MSE: 0.2432961470967153
R2: 0.6958798161291059
