MSE: 0.09805413114307919
R2: 0.887938135836481
