MSE: 0.5032132803187421
R2: 0.3290489595750107
