MSE: 0.1288635556783616
R2: 0.8496591850419114
