MSE: 0.021921898160673338
R2: 0.9744244521458811
