MSE: 0.22184953292910048
R2: 0.7775325017981165
