MSE: 0.03318382307115861
R2: 0.9612855397503149
