MSE: 0.09135696263816066
R2: 0.903269098383124
