MSE: 0.13775553174823038
R2: 0.859313499491169
