MSE: 0.11005187702578258
R2: 0.8885724745113951
