MSE: 0.1604934059616061
R2: 0.830065805452417
