MSE: 0.1997625057060307
R2: 0.7859687438863956
