MSE: 0.15045298228293896
R2: 0.8388003761254226
