MSE: 0.26021036927563007
R2: 0.7212031757761106
