MSE: 0.0947222202128782
R2: 0.8997058844804819
