MSE: 0.2160430093608346
R2: 0.7695541233484431
