MSE: 0.3832006236507236
R2: 0.5873224052992208
