MSE: 0.17736311508348182
R2: 0.807856625326228
