MSE: 0.2660259282767136
R2: 0.7097898964254032
