MSE: 0.31762414464775174
R2: 0.6029698191903103
