MSE: 0.10944208174052769
R2: 0.8832617794767705
