MSE: 0.1906472299072569
R2: 0.7957351108136533
