MSE: 0.08681411647848704
R2: 0.9045044718736642
