MSE: 0.15539952487246414
R2: 0.8326466655219618
