MSE: 0.12548636264956495
R2: 0.8666707396848372
