MSE: 0.10717942019470925
R2: 0.8838889614557317
