MSE: 0.493162094596496
R2: 0.43638617760400455
