MSE: 0.19426424658911232
R2: 0.7863093287519765
