MSE: 0.18088658048812936
R2: 0.80519906716663
