MSE: 0.1312987940072478
R2: 0.8577596398254815
