MSE: 0.2979341327988623
R2: 0.6772380228012325
