MSE: 0.045631929700791767
R2: 0.9492978558880092
