MSE: 0.16106822033437063
R2: 0.8187982521238331
