MSE: 0.08717259543271293
R2: 0.9041101450240158
