MSE: 0.07043907764314847
R2: 0.9217343581742795
