MSE: 0.07294480793916941
R2: 0.9197607112669136
