MSE: 0.09667572288878032
R2: 0.8958876830428519
