MSE: 0.19532248002012956
R2: 0.7802622099773542
