MSE: 0.38484379825603254
R2: 0.5670507269619636
