MSE: 0.367771191618133
R2: 0.5954516892200539
