MSE: 0.2699600150855163
R2: 0.6850466490668976
