MSE: 0.15051993137699451
R2: 0.834428075485306
