MSE: 0.1225209491680798
R2: 0.8570588926372402
