MSE: 0.1422236472242732
R2: 0.8399983968726927
