MSE: 0.14563134572782965
R2: 0.8381873936357448
