MSE: 0.13814095467925763
R2: 0.8421246232237056
