MSE: 0.34003147679128076
R2: 0.6221872480096879
