MSE: 0.1523770068106236
R2: 0.8285758673380484
