MSE: 0.171900015252095
R2: 0.8109099832226955
