MSE: 0.14140518999328613
R2: 0.8350272783411662
