MSE: 0.16716613212779044
R2: 0.7771118238296127
