MSE: 0.2345340177700809
R2: 0.7508076061192891
