MSE: 0.3641155888059199
R2: 0.6335652036220679
