MSE: 0.10584105240562201
R2: 0.8937795889836051
