MSE: 0.05154735497277469
R2: 0.9441570321128274
