MSE: 0.2067592496708928
R2: 0.7902870467623802
