MSE: 0.7716226635375586
R2: 0.1769358255599377
