MSE: 0.2462144658519965
R2: 0.750587943682393
