MSE: 0.15144176601474046
R2: 0.8476057700480599
