MSE: 0.09907904352346027
R2: 0.8995999025628936
