MSE: 0.05717719180875528
R2: 0.9387387230620479
