MSE: 0.13344307114164847
R2: 0.8554366729298808
