MSE: 0.1742564248538509
R2: 0.8112222064083282
