MSE: 0.15137620201864285
R2: 0.8369794747491539
