MSE: 0.09990501643768276
R2: 0.8889944261803525
