MSE: 0.25822610064934287
R2: 0.713082110389619
