MSE: 0.07551740343215654
R2: 0.9181894796151637
