MSE: 0.2663126189038541
R2: 0.7114946628541582
