MSE: 0.2734745662014495
R2: 0.6991779771784056
