MSE: 0.08000047198760862
R2: 0.913332822013424
