MSE: 0.11437767236426795
R2: 0.8752243574207986
