MSE: 0.09155523844334273
R2: 0.9023410789937678
