MSE: 0.09973047583655172
R2: 0.8878032146838793
