MSE: 0.17153030559819799
R2: 0.8070284062020272
