MSE: 0.2283662438766061
R2: 0.6574506341850909
