MSE: 0.14424536123945972
R2: 0.8426414241024076
