MSE: 0.41490223335382626
R2: 0.5389975184957486
