MSE: 0.29738821401172116
R2: 0.6431341431859346
