MSE: 0.08575109251030243
R2: 0.9071029831138391
