MSE: 0.12316207847363485
R2: 0.8656413689378529
