MSE: 0.24838323034187548
R2: 0.7205688658653902
