MSE: 0.1147102500377158
R2: 0.8836965520450937
