MSE: 0.13480277554053532
R2: 0.864064428026351
