MSE: 0.14332692341497036
R2: 0.8423403842435326
