MSE: 0.09052750654512944
R2: 0.9004197428003576
