MSE: 0.07355038077364377
R2: 0.9207918976283836
