MSE: 0.1508239242683533
R2: 0.8340936833048114
