MSE: 0.26317095854128647
R2: 0.6992331902385296
