MSE: 0.44082667463865294
R2: 0.5150906578974818
