MSE: 0.29254240136229037
R2: 0.683079065190852
