MSE: 0.06255081979212561
R2: 0.9317627420449539
