MSE: 0.1422622227265759
R2: 0.8458825920462094
