MSE: 0.11258894810599115
R2: 0.8713269164502958
