MSE: 0.059114169442746486
R2: 0.881771661114507
