MSE: 0.12511961336510763
R2: 0.8635058763289735
