MSE: 0.1406120427132569
R2: 0.8466050443128106
