MSE: 0.13738828742913076
R2: 0.85012186825913
