MSE: 0.14043939074955888
R2: 0.8455166701754853
