MSE: 0.07046501890007674
R2: 0.9231290702908254
