MSE: 0.08696022101539011
R2: 0.9033775322051222
