MSE: 0.08510500445548075
R2: 0.9071581769576573
