MSE: 0.42871122190207733
R2: 0.4641109726224033
