MSE: 0.13578190586265437
R2: 0.8448206790141093
