MSE: 0.39976851867002217
R2: 0.5558127570333088
