MSE: 0.15002354704620044
R2: 0.8489829195296525
