MSE: 0.42530502190729613
R2: 0.5722784722864125
