Oracle: 97.10614888024973
Random: 44.80524952162634
_Threads: 90.85321993264915
_Compute (SM) Throughput: 88.54729678360614
_DRAM Throughput: 93.8255472881634
_Memory Throughput: 90.85321993264915
_Registers: 93.8255472881634
_Static Shared Memory: 18.51062070327512
exclusive_throughput: 74.66754201765933
sm%: 14.228227165210768
mem%: 93.8255472881634
memcap: 66.05701346114829
