MSE: 0.15665459607551338
R2: 0.8413624343539106
