MSE: 0.31364850650437986
R2: 0.6842605034522575
