MSE: 0.1370362741217819
R2: 0.8610604442931934
