MSE: 0.09475347106650886
R2: 0.900734458882705
