Oracle: 88.28389794628868
Random: 41.13687757152865
_Threads: 76.22481747092984
_Compute (SM) Throughput: 86.86147858389799
_DRAM Throughput: 76.22481747092984
_Memory Throughput: 76.22481747092984
_Registers: 39.65745428795301
_Static Shared Memory: 16.76509729087498
exclusive_throughput: 62.93768918187998
sm%: 19.52531930891066
mem%: 76.22481747092984
memcap: 53.47497788262288
