MSE: 0.07996061091305542
R2: 0.9187285593998453
