MSE: 0.32385003235989596
R2: 0.6545599654827776
