MSE: 0.3375940858801712
R2: 0.6364371382828926
