MSE: 0.2849277790624499
R2: 0.6960770356667201
