MSE: 0.38628625194526306
R2: 0.5815232270592983
