MSE: 0.3921426932108492
R2: 0.5798471144169474
