MSE: 0.37745875939910867
R2: 0.5955799006438122
