MSE: 0.3354806218972182
R2: 0.6340211397484891
