MSE: 0.3441058843070511
R2: 0.6246117625741261
