MSE: 0.24207820406278924
R2: 0.7417832489996915
