MSE: 0.29786931499200586
R2: 0.6690340944533268
