MSE: 0.30413459510947716
R2: 0.6724704360359477
