MSE: 0.19890786808826239
R2: 0.7845164762377157
