MSE: 0.17318422643894393
R2: 0.8152701584651265
