MSE: 0.3158065704255293
R2: 0.6526127725319177
