MSE: 0.33153017704347537
R2: 0.5579597639420328
