MSE: 0.32624470235882713
R2: 0.6465682391112706
