MSE: 0.5223865939240195
R2: 0.4195704511955338
