MSE: 0.2347918340637124
R2: 0.7456421797643116
