MSE: 0.15988504451112284
R2: 0.8134674480703568
