MSE: 0.44273947274269504
R2: 0.5080672525081167
