MSE: 0.3092074434148411
R2: 0.6670073686301712
