MSE: 0.07665384901910419
R2: 0.9169583302293038
