MSE: 0.1448707414647557
R2: 0.8370204158521499
