MSE: 0.09792262913012187
R2: 0.8857569326815244
