MSE: 0.48588981019284033
R2: 0.39263773725894946
