MSE: 0.25379937014949117
R2: 0.7099435769720102
