MSE: 0.04391180049661713
R2: 0.952096217640054
