MSE: 0.06538273360270108
R2: 0.9252768758826273
