MSE: 0.20224546534566218
R2: 0.77247385148613
