MSE: 0.05169945817696207
R2: 0.9379606501876455
