MSE: 0.07575612405218926
R2: 0.9158265288309009
