MSE: 0.17379420710199128
R2: 0.8088263721878096
