MSE: 0.10558185476919152
R2: 0.8812204133846595
