MSE: 0.09670448008275728
R2: 0.8894805941911346
