MSE: 0.4054568151204062
R2: 0.4931789810994923
