MSE: 0.06720773938894914
R2: 0.9243912931874323
