MSE: 0.07859123882615957
R2: 0.9115848563205705
