MSE: 0.08693568665214471
R2: 0.9021973525163371
