MSE: 0.20318168221348998
R2: 0.756181981343812
