MSE: 2.009684394072304
R2: -2.0145265911084564
