MSE: 0.35008151776313345
R2: 0.5999068368421332
