MSE: 0.19758110705452053
R2: 0.7900700737545719
