MSE: 0.15782835980568222
R2: 0.8402231419251118
