MSE: 0.11205760257941293
R2: 0.8870007368947097
