MSE: 0.37951650922824837
R2: 0.6149832515075742
