Oracle: 147.52532609787966
Random: 76.10641116769912
_Threads: 113.82921394258477
_Compute (SM) Throughput: 147.52532609787966
_DRAM Throughput: 113.82921394258477
_Memory Throughput: 113.82921394258477
_Registers: 113.82921394258477
_Static Shared Memory: 52.27558104007258
exclusive_throughput: 98.50560155846392
sm%: 54.22375332841864
mem%: 113.82921394258477
memcap: 87.38265659992003
