MSE: 0.19537554103637617
R2: 0.7829160655151376
