MSE: 0.10543721708854596
R2: 0.8887051597398682
