MSE: 0.4465613495243677
R2: 0.549185685242067
