MSE: 0.1736919800161085
R2: 0.8166584655385521
