MSE: 0.2020881513248249
R2: 0.7777030335426927
