MSE: 0.023244893859494003
R2: 0.9749670373820833
