MSE: 0.11477466394319959
R2: 0.8708785030639005
