MSE: 0.05124635572494137
R2: 0.9414327363143528
