MSE: 0.10649513280812709
R2: 0.8757556783905184
