MSE: 0.02674109682145074
R2: 0.9699162660758679
