MSE: 0.19124277154297412
R2: 0.7848518820141541
