MSE: 0.011166479421039975
R2: 0.9878183860861383
