MSE: 0.21746992776398147
R2: 0.7607830794596204
