MSE: 0.13997099528329301
R2: 0.8400331482476651
