MSE: 0.18134488017074482
R2: 0.8021692216319147
