MSE: 0.06166637014199248
R2: 0.9321669928438083
