MSE: 0.08067369835138562
R2: 0.9119923290712156
