MSE: 0.3269891543668392
R2: 0.6076130147597931
