MSE: 0.5063597753510519
R2: 0.42130311388451214
