MSE: 0.175942762761838
R2: 0.7654096496508828
