MSE: 0.05779230705430427
R2: 0.9364284622402653
