MSE: 0.06741817982141483
R2: 0.925090911309539
