MSE: 0.07136287256646853
R2: 0.9207079193705905
