MSE: 0.09295889890841047
R2: 0.8915479512735212
