MSE: 1.2396262005639482e+28
R2: -1.2602866372400145e+28
