MSE: 2.884531248568931e+26
R2: -3.106418267689617e+26
