MSE: 0.055547194411759204
R2: 0.9436477737851718
