MSE: 0.10429732002438664
R2: 0.8891840974740892
