MSE: 0.519761914938928
R2: 0.4735744707669831
