Oracle: 131.3861741937648
Random: 77.96712139323039
_PCIe read bandwidth: 91.31058271650863
_PCIe write bandwidth: 91.31058271650863
_Long_Kernel: 83.23503241538363
_ave_Kernel_Length: 102.40348135868723
_long/short_Ratio: 47.11952786355842
_avg_Thread: 114.85334976131068
sm%: 52.341546093171786
mem%: 101.83652194639205
CPU%: 91.31058271650863
MainMem%: 79.93222754678013
