MSE: 8.226936411913012e+24
R2: -8.432609822210838e+24
