MSE: 0.1426423388823303
R2: 0.849850169597547
