MSE: 0.04237535018043107
R2: 0.9515710283652217
