MSE: 0.20105071263565155
R2: 0.758739144837218
