MSE: 0.18326197524127963
R2: 0.7905577425813948
