MSE: 0.17712148020053045
R2: 0.7933582730993812
