MSE: 0.14449034597852736
R2: 0.8348681760245402
