MSE: 0.30633304458734334
R2: 0.6499050919001791
