MSE: 0.16992960848416178
R2: 0.8111893239064869
