MSE: 0.10433671106470488
R2: 0.8861781333839583
