MSE: 0.21599204864858512
R2: 0.753151944401617
