MSE: 0.1909411083869317
R2: 0.7817815904149352
