MSE: 0.10938948157865423
R2: 0.8723789381582367
