MSE: 0.05319780642063582
R2: 0.936162632295237
