MSE: 0.11461844419144598
R2: 0.8662784817766463
