MSE: 0.0395537758062565
R2: 0.9505577802421794
