MSE: 0.02496480460083845
R2: 0.9500703907983231
