MSE: 0.07774259420275718
R2: 0.8963432077296571
