MSE: 0.06001206647264111
R2: 0.9314147811741245
