MSE: 0.11533009434613462
R2: 0.865448223262843
