MSE: 0.15709242295201511
R2: 0.8204658023405541
