MSE: 0.2528158346182659
R2: 0.7050481929453565
