MSE: 0.674379152550462
R2: 0.25818293219449173
