MSE: 0.41012145430274466
R2: 0.558330741520121
