MSE: 0.500191109010885
R2: 0.43728500236275436
