MSE: 0.691965308796732
R2: 0.19270713973714604
