MSE: 0.5624034386225675
R2: 0.3672961315496115
