MSE: 0.4155130989291764
R2: 0.5251278869380842
