MSE: 0.44671169565459884
R2: 0.4974493423885762
