MSE: 0.3439491449247178
R2: 0.6216559405828105
