MSE: 0.3137445337266757
R2: 0.6577332359345356
