MSE: 1.4317749235353558
R2: -0.7181299082424268
