MSE: 0.5068887258540431
R2: 0.4424224015605527
