MSE: 0.8111471899220778
R2: 0.11511215644864226
