MSE: 0.5562571028492775
R2: 0.36427759674368276
