MSE: 0.7128686383956159
R2: 0.2223251217502371
