MSE: 0.5007528700859988
R2: 0.44917184290540146
