MSE: 0.5811696887272927
R2: 0.35425590141411956
