MSE: 0.321166752729728
R2: 0.6431480525225244
