MSE: 0.8919711596933791
R2: -0.04063301964227528
