MSE: 0.7412270471435789
R2: 0.011697270475228394
