MSE: 0.7702225344559883
R2: 0.11974567490744192
