MSE: 0.27427875423857767
R2: 0.7239048301704383
