MSE: 0.11111855686264117
R2: 0.8703616836602519
