MSE: 6.777552099591122e+26
R2: -6.81913217382174e+26
