Oracle: 153.4338371415334
Random: 55.306934474421325
_Threads: 114.5470180056721
_Compute (SM) Throughput: 153.4338371415334
_DRAM Throughput: 114.5470180056721
_Memory Throughput: 114.5470180056721
_Registers: 114.5470180056721
_Static Shared Memory: 67.73131080482881
exclusive_throughput: 86.49165814404712
sm%: 29.750096563779916
mem%: 114.5470180056721
memcap: 78.41768164944324
