MSE: 0.0831369630605194
R2: 0.9104678859348252
