MSE: 0.07629331458674679
R2: 0.9186204644408035
