MSE: 0.15542461110335667
R2: 0.8326196495810005
