MSE: 0.34168084885480926
R2: 0.6203546123835453
