MSE: 0.11689952279811869
R2: 0.876224034684345
