MSE: 0.11405842082028446
R2: 0.875572631832417
