MSE: 0.2888790497937149
R2: 0.6870476960568088
