MSE: 0.21315337044405386
R2: 0.770450216444865
