MSE: 0.07917634676759411
R2: 0.9151681998918635
