MSE: 0.1135763473459633
R2: 0.8783110564150393
