MSE: 0.12163023413666851
R2: 0.8690135940066647
