MSE: 0.10866774713413993
R2: 0.8829731953940031
