MSE: 0.150987831461372
R2: 0.8322357428206977
