MSE: 0.13812783091930658
R2: 0.8503615165040845
