MSE: 0.44546207028884566
R2: 0.40605057294820557
