MSE: 0.3043875326394337
R2: 0.6448812119206606
