MSE: 0.22817531911097225
R2: 0.7510814700607574
