MSE: 0.20856484602221165
R2: 0.774054750142604
