MSE: 0.551393948823623
R2: 0.38734005686264106
