MSE: 0.1976095242621588
R2: 0.7859230153826613
