MSE: 0.1591689405187133
R2: 0.8294618494442357
