MSE: 0.4436629109443051
R2: 0.5466922431656012
