MSE: 0.13693974397302872
R2: 0.8607392434172589
