MSE: 0.12215068959501234
R2: 0.8766517546246444
