MSE: 0.17748918174533695
R2: 0.8077200531092183
