MSE: 0.07010690039377308
R2: 0.9252193062466421
