MSE: 0.16368436250746077
R2: 0.8199472012417932
