MSE: 0.23583411903242965
R2: 0.7379620899639672
