MSE: 0.06123274417853391
R2: 0.9326439814036127
