MSE: 0.22165563743112637
R2: 0.759873059449613
