MSE: 0.07810056432987085
R2: 0.9170181503995122
