MSE: 0.2624570034693304
R2: 0.7136832689425487
