MSE: 0.14360511045554603
R2: 0.8404387661605044
