MSE: 0.10320678823678664
R2: 0.88741077646896
