MSE: 0.06569210995972291
R2: 0.9260963762953117
