MSE: 0.11910663431585918
R2: 0.8709678128244859
