MSE: 0.10254842866566544
R2: 0.8881289869101832
