MSE: 0.0715635961342924
R2: 0.8926546057985614
