MSE: 0.12169685714335772
R2: 0.8696105102035453
