MSE: 0.09965012117840837
R2: 0.8912907768962818
