MSE: 0.19444609758523793
R2: 0.7893500609493256
