MSE: 0.19112645580278312
R2: 0.7897608986169385
