MSE: 0.06748524566926352
R2: 0.926379731997167
