MSE: 0.06301594108360074
R2: 0.9291070662809492
