MSE: 0.22782059042850653
R2: 0.6962392127619914
