MSE: 0.13216884909893886
R2: 0.8672781431642455
