MSE: 0.06014330875632951
R2: 0.936849525805854
