MSE: 0.19341176367473054
R2: 0.8052450990775283
