MSE: 0.08554884239592749
R2: 0.9132629792374625
