MSE: 0.18132320842501948
R2: 0.8164382334462765
