MSE: 0.10050753242035473
R2: 0.8923133581210485
