MSE: 0.5712713794880965
R2: 0.4217618963718047
