Oracle: 135.5131503264312
Random: 65.55662101919876
_PCIe read bandwidth: 101.84024396483488
_PCIe write bandwidth: 101.84024396483488
_Long_Kernel: 69.02902378145228
_ave_Kernel_Length: 79.08048041708925
_long/short_Ratio: 15.324262355193383
_avg_Thread: 135.5131503264312
sm%: 20.826995734475403
mem%: 135.5131503264312
CPU%: 101.84024396483488
MainMem%: 28.21644774220229
