MSE: 0.08573825753460462
R2: 0.8999720328762946
