MSE: 0.05997976727299732
R2: 0.9350219187875862
