MSE: 0.22649974476453952
R2: 0.7451877871398931
