MSE: 0.0971871525387024
R2: 0.8833754169535571
