MSE: 0.15661906112662316
R2: 0.8210067872838592
