MSE: 0.03794700283680901
R2: 0.9566319967579325
