MSE: 0.25463721526085537
R2: 0.7135331328315376
