MSE: 0.04020204289315534
R2: 0.9561432259347397
