MSE: 0.24868756173109738
R2: 0.6891405478361282
