MSE: 0.09332601187971276
R2: 0.8933417007088997
