MSE: 0.13632110028957728
R2: 0.850046789681465
