MSE: 0.1275044423259623
R2: 0.8583283974155975
