MSE: 0.10230118872533896
R2: 0.8849111626839936
