MSE: 0.45147435949914955
R2: 0.4356570506260632
