MSE: 0.08162643617664034
R2: 0.9081702593012796
