MSE: 0.04657699736065071
R2: 0.947600877969268
