MSE: 0.05687073439098959
R2: 0.9360204238101367
