MSE: 0.21026261774800484
R2: 0.7476848587023941
