MSE: 1.3131899647427518
R2: -0.9697849471141278
