MSE: 0.3731828439422304
R2: 0.5735053212088795
