MSE: 0.11778789293130687
R2: 0.880248975519838
