MSE: 0.1574143919711501
R2: 0.8385493415680512
