MSE: 0.10379826578216363
R2: 0.895073492198465
