MSE: 0.13432533616589531
R2: 0.8586049092990575
