Oracle: 100.19115817733109
Random: 45.95951464276756
_Threads: 70.63898515091958
_Compute (SM) Throughput: 85.55655045480688
_DRAM Throughput: 70.63898515091958
_Memory Throughput: 70.63898515091958
_Registers: 36.370808022404674
_Static Shared Memory: 14.766666066624403
exclusive_throughput: 100.19115817733109
sm%: 17.68136001723789
mem%: 70.63898515091958
memcap: 72.2773780449664
