MSE: 0.11413988345501219
R2: 0.8801531223722372
