MSE: 0.12352378032061076
R2: 0.8627513551993213
