MSE: 0.08183808816844435
R2: 0.9099781030147112
