MSE: 0.15902130018224028
R2: 0.8265222179830106
