MSE: 0.5413063716489983
R2: 0.391030331894877
