MSE: 0.29587925376813895
R2: 0.6671358395108437
