MSE: 0.22774095169383918
R2: 0.7469544981179564
