MSE: 0.22745238574622442
R2: 0.7518701246404824
