MSE: 0.16015127708064653
R2: 0.8220541365770594
