MSE: 0.08381587858785834
R2: 0.9097367461361525
