MSE: 0.08755894136830882
R2: 0.9014961909606526
