MSE: 0.13062605159190055
R2: 0.8563113432489095
