MSE: 0.12136341276706393
R2: 0.8584093517717588
