MSE: 0.1861679506458462
R2: 0.7952152542895692
