MSE: 0.06819208564840933
R2: 0.926562369301713
