MSE: 0.18386158914655418
R2: 0.7931557122101265
