MSE: 0.20066644414147253
R2: 0.7742502503408434
