MSE: 0.06172818294142258
R2: 0.9279837865683402
