MSE: 0.6037180189743181
R2: 0.19504264136757588
