MSE: 0.11446495034419032
R2: 0.8728167218397885
