MSE: 0.07858435483947594
R2: 0.9083182526872781
