MSE: 0.11265838013280392
R2: 0.8859333901155361
