MSE: 0.19041677131748413
R2: 0.7922726131081992
