MSE: 0.18859882728884533
R2: 0.79254128998227
