MSE: 0.21371814699457778
R2: 0.7625353922282468
