MSE: 0.11262021928370243
R2: 0.8748664230181084
