MSE: 0.20552204685704842
R2: 0.7757941307014018
