MSE: 0.061741249883302415
R2: 0.9335094232025973
