MSE: 0.40531964083494393
R2: 0.5440154040606882
