MSE: 0.353860543486259
R2: 0.606821618348601
