MSE: 0.34659917200068807
R2: 0.610075931499226
