MSE: 0.16444943525398387
R2: 0.8229006081880174
