MSE: 0.03774089872236359
R2: 0.9559689514905758
