MSE: 0.08425702453957852
R2: 0.9052108473929741
