MSE: 0.15443831306345376
R2: 0.8301178556302009
