MSE: 0.1774458647515785
R2: 0.8048095487732637
