MSE: 0.5726594886190737
R2: 0.23645401517456843
