MSE: 0.1414730367958126
R2: 0.8349481237382186
