MSE: 0.20912385007164758
R2: 0.7647356686693965
