MSE: 0.172200432528066
R2: 0.799099495383923
