MSE: 0.1030940438073457
R2: 0.8840192007167361
