MSE: 0.1273407747247878
R2: 0.8585102503057913
