MSE: 0.10932310533279169
R2: 0.8724563771117431
