MSE: 0.03774647688844913
R2: 0.9575352135004948
