MSE: 0.14005311980172913
R2: 0.8399392916551668
