MSE: 0.41649309778203936
R2: 0.4793836277724508
