MSE: 0.19048175163592868
R2: 0.7823065695589386
