MSE: 0.22128103604802596
R2: 0.7471073873736847
