MSE: 0.3994733149548544
R2: 0.5434590686230237
