MSE: 0.1556946384928786
R2: 0.8248435316955116
