MSE: 0.21107361562556978
R2: 0.7654737604160335
