MSE: 0.14202445773759878
R2: 0.8402224850452014
