MSE: 0.15901337164025375
R2: 0.8182704324111385
