MSE: 0.24586038546720426
R2: 0.7295535759860754
