MSE: 0.07055930920437548
R2: 0.9176808059282286
