MSE: 0.1342747274741907
R2: 0.8321565906572617
