MSE: 0.18301487855935214
R2: 0.7803821457287774
