MSE: 0.24093501992642635
R2: 0.698831225091967
