MSE: 0.19814630219344467
R2: 0.7622244373678664
