MSE: 0.23712626677515403
R2: 0.7332329498779516
