MSE: 0.6245606091531819
R2: -0.24912121830636358
