MSE: 0.18695713636819525
R2: 0.7756514363581657
