MSE: 0.13366369724665217
R2: 0.8656646258827616
