MSE: 0.11525314782333561
R2: 0.8789841947854976
