MSE: 0.07745109594087281
R2: 0.9216786670260837
