MSE: 0.21577416826360246
R2: 0.7707399462199224
