MSE: 0.11146109465122943
R2: 0.8881394032174041
