MSE: 0.10386777159411766
R2: 0.8946896204670751
