MSE: 0.1695440533745328
R2: 0.8021986043963785
