MSE: 0.037210621664941775
R2: 0.9553472540020699
