MSE: 0.3234433407377143
R2: 0.5687422123497142
