MSE: 0.8822807571425105
R2: -0.05873690857101299
