MSE: 0.09725085809172096
R2: 0.8888561621808904
