MSE: 0.18314227169595737
R2: 0.7863340163547163
