MSE: 0.07023785833549041
R2: 0.912202677080637
