MSE: 0.16404626249244636
R2: 0.8031444850090644
