MSE: 0.18666383940936673
R2: 0.7200042408859498
