MSE: 0.03283165600671042
R2: 0.9606020127919475
