MSE: 0.3464797484379271
R2: 0.5842243018744875
