MSE: 0.17079097313379196
R2: 0.8007438646772427
