MSE: 0.40613092371625853
R2: 0.3908036144256122
