MSE: 0.573972804902075
R2: -0.14794560980414984
