MSE: 0.609804194169621
R2: 0.2682349669964549
