MSE: 0.22008066593489778
R2: 0.7248991675813778
