MSE: 0.11477897967577297
R2: 0.8660911903782649
