MSE: 0.09291490145401095
R2: 0.8915992816369872
