MSE: 0.1775982551774771
R2: 0.7336026172337844
