MSE: 0.45715625942108234
R2: 0.5047473856271607
