MSE: 0.2923991564075648
R2: 0.6832342472251383
