MSE: 0.25697950952132115
R2: 0.724664811227156
