MSE: 0.4149128001525976
R2: 0.5531708306048948
