MSE: 0.6457500054369243
R2: 0.28249999395897296
