MSE: 0.37933442928836
R2: 0.5732487670505951
