MSE: 0.45727442512303923
R2: 0.5141459233067707
