MSE: 0.47630337336138645
R2: 0.4840046788584982
