MSE: 0.6511901478090223
R2: 0.289610747844703
