MSE: 0.5097799792571267
R2: 0.4477383558047793
