MSE: 0.6134766180424074
R2: 0.3098388047022915
