MSE: 0.22421661687879893
R2: 0.6636750746818016
