MSE: 0.44301832782210765
R2: 0.5167072787395188
