MSE: 0.21002226416305084
R2: 0.7708848027312172
