MSE: 0.5565508148668274
R2: 0.39285365650891535
