MSE: 0.5605660221224159
R2: 0.32732077345310095
