MSE: 0.32052367646350477
R2: 0.6527660171645364
