MSE: 0.30966737395383376
R2: 0.6593658886507828
