MSE: 0.5779185531394275
R2: 0.36428959154662977
