MSE: 0.5628108948857624
R2: 0.38602447830644104
