MSE: 0.5627050089051726
R2: 0.35690856125123127
