MSE: 0.15755269910742759
R2: 0.838407488094946
