MSE: 0.06107601224939162
R2: 0.936574910356401
