MSE: 0.15192523082820356
R2: 0.8400787043913647
