Oracle: 86.54427181880885
Random: 27.798706115118375
_Threads: 55.25376527257097
_Compute (SM) Throughput: 68.18939307607107
_DRAM Throughput: 55.25376527257097
_Memory Throughput: 55.25376527257097
_Registers: 13.053214602358006
_Static Shared Memory: 3.607848422300858
exclusive_throughput: 66.05846731633005
sm%: 5.1257448638862115
mem%: 55.25376527257097
memcap: 86.54427181880885
