MSE: 0.10348378197763013
R2: 0.8955016711402362
