MSE: 0.4707440167346067
R2: 0.41156997908174164
