MSE: 0.2165263568749898
R2: 0.7473859169791786
