MSE: 0.06465508669272452
R2: 0.9272630274706849
