MSE: 0.07248502688074412
R2: 0.9154341353057985
