MSE: 0.20188406039984544
R2: 0.7577391275201855
