MSE: 0.3661898469244656
R2: 0.542262691344418
