MSE: 0.22172326719393043
R2: 0.6674150992091044
