MSE: 0.1523969591304912
R2: 0.8171236490434106
