MSE: 0.10684040864513238
R2: 0.8664494891935846
