MSE: 0.12068497381188859
R2: 0.8551780314257337
