MSE: 0.07610710223333535
R2: 0.9048661222083307
