MSE: 0.08595880757757285
R2: 0.9032963414752305
