MSE: 0.28410831751529714
R2: 0.5738375237270543
