MSE: 0.1332596455850469
R2: 0.8400884252979437
