MSE: 0.1023622344435587
R2: 0.8805773931491815
