MSE: 0.08099137590697407
R2: 0.8920114987907013
