MSE: 0.13975722332095067
R2: 0.8369499061255576
