MSE: 0.17696452405471202
R2: 0.793541388602836
