MSE: 0.2994039372763673
R2: 0.6407152752683591
