MSE: 0.204852543783838
R2: 0.7830973065818185
