MSE: 0.07674297568243259
R2: 0.9192179203342815
