MSE: 0.6503231782481854
R2: 0.31870905135904404
