Oracle: 145.27001526541517
Random: 85.23988155850505
_PCIe read bandwidth: 60.85994252494715
_PCIe write bandwidth: 95.84432274724549
_Long_Kernel: 128.83596749492756
_ave_Kernel_Length: 93.20366797676735
_long/short_Ratio: 93.20366797676735
_avg_Thread: 93.20366797676735
sm%: 59.97105912709311
mem%: 128.83596749492756
CPU%: 95.73433587604926
MainMem%: 94.30372972515929
