MSE: 0.08528839072652557
R2: 0.9137743742105455
