MSE: 0.1657858911665507
R2: 0.8335204440168528
