MSE: 0.1548330788286606
R2: 0.8441931282227315
