MSE: 0.37626436766543514
R2: 0.5819284803717386
