MSE: 0.5604514322527864
R2: 0.3274582812966562
