MSE: 0.4914064233308171
R2: 0.4539928629657588
