MSE: 0.19808925062036523
R2: 0.7771495930520892
