MSE: 0.6377717157824816
R2: 0.2913647602416871
