MSE: 0.5866254784944003
R2: 0.3644890649643996
