MSE: 0.7475178048046556
R2: 0.14569393736610814
