MSE: 0.49074286791769306
R2: 0.46018284529053766
