MSE: 0.4937744059500381
R2: 0.44450379330620715
