MSE: 0.2549537525756398
R2: 0.7131770283524053
