MSE: 0.5836380284416713
R2: 0.3515133017314762
