MSE: 0.1308032796797071
R2: 0.8473961737070084
