MSE: 0.44379151430434655
R2: 0.49280969793788965
