MSE: 0.437544324721419
R2: 0.5077626346884037
