MSE: 0.4660790052289531
R2: 0.4407051937252563
