MSE: 0.6181385431337745
R2: 0.2788383663439299
