MSE: 0.7051645155691699
R2: 0.20668991998468378
