MSE: 0.31745150717651294
R2: 0.6428670544264229
