MSE: 0.6610131929330542
R2: 0.008480210600418703
