MSE: 1.016009042037634
R2: -0.2192108504451611
