MSE: 0.30238313511070924
R2: 0.6472196757041726
