MSE: 0.46782881473384924
R2: 0.5029318843452852
