Oracle: 68.15412942508469
Random: 24.748266789119167
_PCIe read bandwidth: 16.525659101902967
_PCIe write bandwidth: 62.94462965894668
_Long_Kernel: 54.46855745366094
_ave_Kernel_Length: 6.81987128555642
_long/short_Ratio: 6.81987128555642
_avg_Thread: 6.81987128555642
sm%: 5.10294556586561
mem%: 54.46855745366094
CPU%: 17.448453238442568
MainMem%: 13.620264394232642
