MSE: 0.19534234474044865
R2: 0.8025110360865794
