MSE: 0.06944246954034924
R2: 0.9259280324902941
