MSE: 0.13568833515063725
R2: 0.8530043035868097
