MSE: 0.12826079853991929
R2: 0.8589131216060888
