MSE: 0.2060353981043447
R2: 0.7767949853869598
