MSE: 0.07279902717483462
R2: 0.9226510336267382
