MSE: 0.13501873901879993
R2: 0.8499791788680001
