MSE: 0.27331232739648503
R2: 0.7018410973856528
