MSE: 0.07174195311054919
R2: 0.9210838515783959
