MSE: 0.08220940298938317
R2: 0.9086562189006854
