MSE: 0.0761154507665673
R2: 0.9169649628001084
