MSE: 0.1356937411663872
R2: 0.8473445411878144
