MSE: 0.07300657785338316
R2: 0.8904901332199253
