MSE: 0.10643626028570938
R2: 0.8846940513571482
