MSE: 0.0794315101635064
R2: 0.913347443457993
