MSE: 0.10440287764200566
R2: 0.8881397739549939
