MSE: 0.33029991906492595
R2: 0.6366700890285815
