MSE: 0.20789343994002177
R2: 0.7228087467466378
