MSE: 0.09910536889928623
R2: 0.8918850521098696
