MSE: 0.05968509776409106
R2: 0.9348889842573552
