MSE: 0.13644691444192536
R2: 0.8521825093545808
