MSE: 0.1504475006359207
R2: 0.8307465617845893
