MSE: 0.12476875666465748
R2: 0.8638886290931009
