MSE: 0.11181928021503203
R2: 0.879579236691504
