MSE: 0.10075211893599048
R2: 0.8914977180689333
