MSE: 0.4795107518054512
R2: 0.4605504042188675
