MSE: 0.2051565086373303
R2: 0.7720483237362996
