MSE: 0.23454288689367217
R2: 0.7393967923403642
