MSE: 0.2625770812415817
R2: 0.7155414953216199
