MSE: 0.04830641682306464
R2: 0.948473155388731
