MSE: 0.2507204104330783
R2: 0.7179395382627869
