MSE: 0.029717366315679575
R2: 0.9405652673686409
