MSE: 0.08547860015765066
R2: 0.9023101712483993
