MSE: 0.14068425224998016
R2: 0.8452473225250219
