MSE: 0.19073034056401938
R2: 0.7919305375665243
