MSE: 0.12194572949381138
R2: 0.8658596975568074
