MSE: 0.07277358702264927
R2: 0.9216284447448393
