MSE: 0.07896226783165217
R2: 0.9097574081923975
