MSE: 0.3507197002993089
R2: 0.5616003746258639
