MSE: 0.16800383009346911
R2: 0.8133290776739232
