MSE: 0.308079722109564
R2: 0.65768919765604
