MSE: 0.0571056313423024
R2: 0.9333767634339805
