MSE: 0.11551455564595443
R2: 0.87293398878945
