MSE: 0.14025309289057725
R2: 0.8588648121855826
