Oracle: 169.91507625452172
Random: 59.009317700220585
_PCIe read bandwidth: 67.40870973699585
_PCIe write bandwidth: 67.40870973699585
_Long_Kernel: 92.39214742719528
_ave_Kernel_Length: 31.604231725047974
_long/short_Ratio: 31.604231725047974
_avg_Thread: 92.39214742719528
sm%: 27.538412199205144
mem%: 102.40348135868723
CPU%: 33.87403653674929
MainMem%: 86.38603969982773
