MSE: 0.14421254621803842
R2: 0.8553353768345696
