MSE: 0.32125328802184105
R2: 0.6144960543737907
