MSE: 0.13912615433812917
R2: 0.8454153840687454
