MSE: 0.04377297791287955
R2: 0.9507553998480105
