MSE: 0.2270132105717023
R2: 0.7477630993647753
