MSE: 0.1685726688732948
R2: 0.8073455212876631
