MSE: 0.2981091914623268
R2: 0.6646271596048825
