MSE: 0.1301654209747137
R2: 0.8589874606107268
