MSE: 0.14490126634838488
R2: 0.836986075358067
