MSE: 0.14886481251277173
R2: 0.8362487062359512
