MSE: 0.15788416866176044
R2: 0.8158018032279462
