MSE: 0.15305725527424693
R2: 0.8299363830286145
