MSE: 0.05395381134213858
R2: 0.9352554263894337
