MSE: 0.08708564676524455
R2: 0.9004735465540062
