MSE: 0.11300129633291053
R2: 0.8728735416254757
