MSE: 0.11831020333707966
R2: 0.8669010212457854
