MSE: 0.17458323046584842
R2: 0.8035938657259205
