MSE: 0.23508786851805144
R2: 0.6473681972229228
