MSE: 0.14756358681382428
R2: 0.8278424820505383
