MSE: 0.08128465320436441
R2: 0.9051679045949081
