MSE: 0.08239575946968651
R2: 0.9011250886363762
