MSE: 0.048210665161698155
R2: 0.9457630016930896
