MSE: 0.28451947156362484
R2: 0.6585766341236501
