MSE: 0.2185106619431188
R2: 0.7572103756187569
