MSE: 0.07016816692255684
R2: 0.9210608122121235
