MSE: 0.2641325512539438
R2: 0.7094541936206618
