MSE: 0.34289251087485545
R2: 0.6142459252657877
