MSE: 0.266006979335018
R2: 0.7044366896277579
