MSE: 0.3750180772087185
R2: 0.5714079117614648
