MSE: 0.20484947970912668
R2: 0.7780797303151127
