MSE: 0.0707647326977412
R2: 0.9191260197740101
