MSE: 0.08833144830031593
R2: 0.9006271206621446
