MSE: 0.22542389491200523
R2: 0.7294913261055938
