MSE: 0.14318772481042605
R2: 0.8409025279884155
