MSE: 0.05584283527032772
R2: 0.934850025517951
