MSE: 0.07293757094598817
R2: 0.8905936435810178
