MSE: 0.2605178856937463
R2: 0.7069173785945353
