MSE: 0.18884939084013455
R2: 0.7796757106865098
