MSE: 0.09508380535712858
R2: 0.8858994335714456
