MSE: 0.1010215503609501
R2: 0.8821415245788915
