MSE: 0.3043129888005647
R2: 0.6576478875993648
