MSE: 0.16174327849080344
R2: 0.8202852461213295
