MSE: 0.3186606082385267
R2: 0.6523702455579707
