MSE: 0.2329174152421039
R2: 0.7504456265263173
