MSE: 0.3207834917209902
R2: 0.6471381591069107
