MSE: 0.39066725403922914
R2: 0.5738175410481137
