MSE: 0.3780348590109436
R2: 0.5679601611303501
