MSE: 0.24386347111166526
R2: 0.7290405876537053
