MSE: 0.19590562106228138
R2: 0.7890247157790815
