MSE: 0.3727391734950144
R2: 0.5858453627833173
