MSE: 0.25828339892835267
R2: 0.7182362920781606
