MSE: 0.04659069882697553
R2: 0.9068186023460489
