MSE: 0.22145020821661718
R2: 0.7584179546727812
