MSE: 0.24733552355108201
R2: 0.7217475360050327
