MSE: 0.464527494381055
R2: 0.4580512565554361
