MSE: 0.2964515601391753
R2: 0.67884414318256
