MSE: 0.4405204876319182
R2: 0.510532791520091
