MSE: 0.2635065846340305
R2: 0.7125382713083305
