MSE: 0.2730499468465773
R2: 0.6359334042045637
