MSE: 0.2633478071907916
R2: 0.7103174120901292
