MSE: 0.43340601793607225
R2: 0.5046788366444888
