MSE: 0.17096151531549353
R2: 0.8134965287467343
