MSE: 0.1386452950252403
R2: 0.8526893740356822
