MSE: 0.1121857117990813
R2: 0.8798010230724129
