MSE: 0.3003877565718289
R2: 0.6695734677709883
