MSE: 0.2800850117911669
R2: 0.6919064870297164
