MSE: 0.13630616091402586
R2: 0.8523349923431387
