MSE: 0.17152652477244953
R2: 0.8141795981631796
