MSE: 0.3015199690635462
R2: 0.6710691246579497
