MSE: 0.2682633321438975
R2: 0.7111010269219564
