MSE: 0.3415197259081756
R2: 0.6340860079555262
