MSE: 0.5411288983585822
R2: 0.39122998934659503
