MSE: 0.17933691091751527
R2: 0.8068679420888297
