MSE: 0.25142936214091144
R2: 0.7276181910140125
