MSE: 0.27589695656646535
R2: 0.6896159238627264
