MSE: 0.20121366619598685
R2: 0.7820185282876809
