MSE: 0.1818259938472894
R2: 0.8041873912413806
