MSE: 0.10209012833201758
R2: 0.8468648075019736
