MSE: 0.5200629760401498
R2: 0.4279307263558352
