MSE: 0.19058850641263167
R2: 0.7935291180529823
