MSE: 0.30956738961416463
R2: 0.6594758714244189
