MSE: 0.41335615936607756
R2: 0.5039726087607069
