MSE: 0.35231537467705265
R2: 0.6036452034883157
