MSE: 0.1391276918252941
R2: 0.8492783338559313
