MSE: 0.09315953930712748
R2: 0.9062545516406264
