MSE: 0.07270627625621985
R2: 0.9200230961181581
