MSE: 0.12194419888742579
R2: 0.8606352012715134
