MSE: 0.2150842003093343
R2: 0.7418989596287988
