MSE: 0.14851254667555744
R2: 0.8302713752279344
