MSE: 0.4253711255511581
R2: 0.3619433116732629
