MSE: 0.04283108285725044
R2: 0.9524099079363885
