MSE: 0.24669141699593247
R2: 0.7121933468380788
