MSE: 0.544599742062227
R2: 0.31925032242221607
