MSE: 0.13298270879711963
R2: 0.8404207494434563
