MSE: 0.1527995346838189
R2: 0.8281005234807037
