MSE: 0.08615054988412142
R2: 0.8994910251351916
