MSE: 0.02311501367170042
R2: 0.9739956096193371
