MSE: 0.1793150536265667
R2: 0.7609132618312444
