MSE: 0.08622150953606611
R2: 0.8965341885567206
