MSE: 0.19110881070216582
R2: 0.7770397208474733
