MSE: 1.537415957490131
R2: -2.074831914980261
