MSE: 0.3214182126163322
R2: 0.6250120852809458
