MSE: 0.1639410371440202
R2: 0.7950737035699746
