MSE: 0.12336575798846598
R2: 0.8590105622988959
