MSE: 0.09488220617197311
R2: 0.8915631929463165
