MSE: 0.09778190398721333
R2: 0.8859211120149179
