MSE: 0.1564832439590854
R2: 0.827868431645006
