MSE: 0.2101959495079483
R2: 0.759776057705202
