MSE: 0.07479615870334788
R2: 0.9168931569962802
