MSE: 0.2840433441002463
R2: 0.6843962843330597
