MSE: 0.41372948523195235
R2: 0.5448975662448524
