MSE: 0.2605598752523545
R2: 0.696013478872253
