MSE: 0.14436929289135067
R2: 0.8267568485303792
