MSE: 0.19072159498082467
R2: 0.7774914725223713
