MSE: 0.031783924458143195
R2: 0.9576214340558091
