MSE: 0.10969024331776295
R2: 0.8746397219225566
