MSE: 0.09139428681673069
R2: 0.8955493864951649
