MSE: 0.17433483061935884
R2: 0.7820814617258015
