MSE: 0.2617055478534225
R2: 0.7055812586648997
