MSE: 0.09534481154561435
R2: 0.8910345010907265
