MSE: 0.2957296626111917
R2: 0.6451244048665701
