MSE: 0.7409109141405781
R2: 0.07386135732427712
