MSE: 0.1252685225411745
R2: 0.8568359742386578
