MSE: 0.3086045801557766
R2: 0.6473090512505412
