MSE: 0.30101478382317953
R2: 0.3979704323536408
