MSE: 0.4943173507198845
R2: 0.502409024440911
