Oracle: 272.75664556370975
Random: 78.02462875909157
_PCIe read bandwidth: 81.69574449492481
_PCIe write bandwidth: 81.69574449492481
_Long_Kernel: 142.92783657104707
_ave_Kernel_Length: 102.40348135868723
_long/short_Ratio: 42.54007482311734
_avg_Thread: 176.94717967160324
sm%: 43.97058431684599
mem%: 142.92783657104707
CPU%: 81.69574449492481
MainMem%: 78.41768164944324
