MSE: 0.10426280259205696
R2: 0.8949871053029642
