MSE: 0.32033506311914656
R2: 0.6775293697933925
