MSE: 0.08774105456618134
R2: 0.9117071149019559
