MSE: 0.06502939582162533
R2: 0.9339545198686617
