MSE: 0.14438568316211908
R2: 0.854184755618454
