MSE: 0.12254849687652816
R2: 0.8761048163446089
