MSE: 0.11890276279449623
R2: 0.8741029570411216
