MSE: 0.15977231991405486
R2: 0.8288153715206554
