MSE: 0.12583466016275832
R2: 0.8651771498256161
