MSE: 0.20819159735612283
R2: 0.776937574261297
