MSE: 0.3516101328631973
R2: 0.6213429338396337
