MSE: 0.05452286460268413
R2: 0.9422699080677462
