MSE: 0.1725761892888954
R2: 0.8130424616036966
