MSE: 0.17531761800699644
R2: 0.8087444167196403
