MSE: 0.24024891052875968
R2: 0.7437344954359897
