MSE: 0.10670326832258484
R2: 0.8861831804559095
