MSE: 0.1273696817558359
R2: 0.8628326504167921
