MSE: 0.0924091773125828
R2: 0.898349904956159
