MSE: 0.08393060825586332
R2: 0.9108237287281452
