MSE: 0.10704767586728715
R2: 0.8853060615707637
