MSE: 0.261657280546947
R2: 0.6729283993163162
