MSE: 0.1409617649142067
R2: 0.8481950224000852
