MSE: 0.13849809507673416
R2: 0.8476520954155924
