MSE: 0.31139970363627867
R2: 0.6626503210606982
