MSE: 0.15520444932377456
R2: 0.8318618465659109
