MSE: 0.5498155391983265
R2: 0.37163938377334116
