MSE: 0.09052339058707895
R2: 0.9019329935306645
