MSE: 0.16600335436141533
R2: 0.8328972856759262
