MSE: 0.08868045550740998
R2: 0.9099339123752868
