MSE: 0.041520002498884635
R2: 0.9562947342117004
