MSE: 0.4048096795561551
R2: 0.591442082670177
