Oracle: 125.43355811104054
Random: 59.012795392508025
_Threads: 105.47594361958741
_Compute (SM) Throughput: 79.36910323075892
_DRAM Throughput: 114.44583637127897
_Memory Throughput: 105.47594361958741
_Registers: 114.44583637127897
_Static Shared Memory: 38.95124297682368
exclusive_throughput: 95.96802531013398
sm%: 20.919394889520298
mem%: 114.44583637127897
memcap: 100.84517836823821
