MSE: 0.11931597988442073
R2: 0.8801847900742219
