MSE: 0.15864590312901666
R2: 0.8398138453842939
