MSE: 0.1091070202724436
R2: 0.8836191783760602
