MSE: 0.12546470515031027
R2: 0.8661709811730024
