MSE: 0.20939714012863692
R2: 0.7744953875537757
