MSE: 0.26372914448585894
R2: 0.7174330594794369
