MSE: 0.10908422343061205
R2: 0.8836434950073472
