MSE: 0.3513028287458682
R2: 0.6167605504590528
