MSE: 0.12633731872081708
R2: 0.8646385870848389
