MSE: 0.1881050196869252
R2: 0.796219562005831
