MSE: 0.19979487025056733
R2: 0.7820419597266538
