MSE: 0.09753451298254402
R2: 0.8916283189082844
