MSE: 0.148188082842598
R2: 0.8024158895432026
