MSE: 0.06791866386278957
R2: 0.9275534252130244
