MSE: 0.18635950737639922
R2: 0.7950045418859608
