MSE: 0.14023479512951825
R2: 0.8489779129374418
