MSE: 0.12221011272700356
R2: 0.8676057112124128
