MSE: 0.20195269934508578
R2: 0.7643885174307333
