MSE: 0.0587489416484345
R2: 0.936355313214196
