MSE: 0.2698328024548743
R2: 0.7001857750501397
