MSE: 0.3120727400998347
R2: 0.6532525110001837
