MSE: 0.19319359610464623
R2: 0.7907069375532999
