MSE: 0.14873337134967654
R2: 0.8398256000849638
