MSE: 0.08398278919110108
R2: 0.9150518913929092
