MSE: 0.23777991346948177
R2: 0.7473588419386756
