MSE: 0.06073418473417281
R2: 0.93319239679241
