MSE: 0.10712583241871493
R2: 0.8821615843394136
