MSE: 0.08829003949003897
R2: 0.9043524572191245
