MSE: 0.2525233072967097
R2: 0.7245200284035894
