MSE: 0.24591999592536373
R2: 0.7267555600829292
