MSE: 0.11948770989009178
R2: 0.8705549809524006
