MSE: 0.11931957701924739
R2: 0.8727257845128028
