MSE: 0.15651743916342317
R2: 0.8278308169202345
