MSE: 0.34143101118023456
R2: 0.6158901124222362
