MSE: 0.6110876514121607
R2: -0.22217530282432163
