MSE: 0.07942589975873897
R2: 0.9133535638995575
