MSE: 0.09012817199755727
R2: 0.8969963748599346
