MSE: 0.03655182030610592
R2: 0.9597929976632835
