MSE: 0.056477971411383665
R2: 0.9354537469584187
