MSE: 0.11842966208962595
R2: 0.8684114865670823
