MSE: 0.10435388810668832
R2: 0.8852107230826428
