MSE: 0.24231700665997719
R2: 0.6971037416750285
