MSE: 0.13120493773880706
R2: 0.8556745684873122
