MSE: 0.18554660191172695
R2: 0.7835289644363186
