MSE: 0.16025714485283432
R2: 0.8237171406618822
