MSE: 0.11194553595902697
R2: 0.8756160711566368
