MSE: 0.2966620448148686
R2: 0.6968887802978516
