MSE: 0.2493597190326514
R2: 0.7476359470030998
