Oracle: 141.08454271525665
Random: 54.05935268959532
_PCIe read bandwidth: 104.221092530133
_PCIe write bandwidth: 104.221092530133
_Long_Kernel: 108.35838553160518
_ave_Kernel_Length: 108.35838553160518
_long/short_Ratio: 30.487589061482403
_avg_Thread: 108.35838553160518
sm%: 13.166291355402358
mem%: 108.35838553160518
CPU%: 104.221092530133
MainMem%: 90.94883830509636
