MSE: 0.4020024889705547
R2: 0.5949051841912105
