Oracle: 156.04579351853616
Random: 64.81554777577871
_PCIe read bandwidth: 126.48799578409692
_PCIe write bandwidth: 126.48799578409692
_Long_Kernel: 104.73883016472037
_ave_Kernel_Length: 92.39214742719528
_long/short_Ratio: 42.546740015083245
_avg_Thread: 104.73883016472037
sm%: 20.826995734475403
mem%: 104.73883016472037
CPU%: 97.33711974004648
MainMem%: 91.86811655646915
