MSE: 0.12562572417060192
R2: 0.872003979146934
