MSE: 0.32971974088167516
R2: 0.6680673749513337
