MSE: 0.1750324996962676
R2: 0.8242351467485179
