MSE: 0.08506140490611612
R2: 0.9123609767633954
