MSE: 0.1815191649715367
R2: 0.8171749417552868
