MSE: 0.05598947232296955
R2: 0.9430451919473241
