MSE: 0.060988971487978626
R2: 0.9381271303745145
