MSE: 0.125838936291483
R2: 0.8727628533052783
