Oracle: 169.91507625452175
Random: 59.00931770022057
_Threads: 79.08048041708925
_Compute (SM) Throughput: 151.0494674824821
_DRAM Throughput: 169.91507625452175
_Memory Throughput: 102.40348135868724
_Registers: 79.08048041708925
_Static Shared Memory: 59.64909971975546
exclusive_throughput: 94.73133305090946
sm%: 27.538412199205144
mem%: 102.40348135868724
memcap: 86.38603969982773
