MSE: 0.2324422256940797
R2: 0.728817403356907
