MSE: 0.024060804964502736
R2: 0.9711270340425967
