MSE: 0.3024370328700161
R2: 0.5967506228399785
