MSE: 1.1307400696330554
R2: -0.35688808355966684
