MSE: 0.025812901224697246
R2: 0.9704995414574888
