MSE: 0.47944262659238873
R2: 0.2808360601114168
