MSE: 0.07574503387040729
R2: 0.9091059593555113
