MSE: 0.20315073302501827
R2: 0.7629908114708119
