MSE: 0.10215868742886758
R2: 0.8723016407139155
