MSE: 0.5744468646400687
R2: -0.1488937292801371
