MSE: 0.09402235198990394
R2: 0.8871731776121152
