MSE: 0.06793790441151633
R2: 0.9207391115198976
