MSE: 0.10203242420890068
R2: 0.846951363686649
