MSE: 0.19647100634996248
R2: 0.7642347923800451
