MSE: 0.30968901206284805
R2: 0.535466481905728
