MSE: 0.03760629309220994
R2: 0.9561259913924217
