MSE: 0.14929143576326082
R2: 0.813385705295924
