MSE: 0.15416808759010614
R2: 0.8201372311448762
