MSE: 0.6416898434047188
R2: 0.2299721879143375
