MSE: 0.4340691998351729
R2: 0.5264699638161752
