MSE: 0.36725625170932136
R2: 0.5919374981007539
