MSE: 0.4759476960802286
R2: 0.45605977590831037
