MSE: 0.6444368981249929
R2: 0.29697792931818956
