MSE: 0.6490234722895831
R2: 0.25825888881190484
