MSE: 0.48971884306789565
R2: 0.46576126210775026
