MSE: 0.5915509222225067
R2: 0.3345052124996798
