MSE: 0.44120961095950495
R2: 0.5186804244078129
