MSE: 0.6444959979118295
R2: 0.2838933356535228
