MSE: 0.5668700799911763
R2: 0.3386515733436275
