MSE: 0.6973422099724543
R2: 0.22517532225282855
