MSE: 0.5346443223958359
R2: 0.41189124536458044
