MSE: 0.6969838384532775
R2: 0.2396539944146061
