MSE: 0.7668246858603383
R2: 0.1479725712662906
