MSE: 0.6434350158411334
R2: 0.24932581485201089
