MSE: 0.3192045176808481
R2: 0.6453283136879464
