MSE: 0.4704018350660119
R2: 0.48255798142738704
