MSE: 0.4629385145851367
R2: 0.3827486472198177
