MSE: 0.6421814896983299
R2: 0.25078826201861515
