MSE: 0.5473345568964283
R2: 0.3842486234915181
