MSE: 0.10301592910287398
R2: 0.8890597686584434
