MSE: 0.1011715165195007
R2: 0.8903975237705409
