MSE: 0.09180080005767688
R2: 0.9011375999378864
