MSE: 0.16783571942552172
R2: 0.8181779706223514
