MSE: 0.25005528077523076
R2: 0.7249391911472463
