MSE: 0.36596535735460867
R2: 0.5882889729760654
