MSE: 0.14626808038762312
R2: 0.8374799106804187
