MSE: 0.10168053806195729
R2: 0.887021624375603
