MSE: 0.04718665799277931
R2: 0.9496675648077021
