MSE: 0.01343696161671316
R2: 0.9848834181811977
