MSE: 0.12703057280008484
R2: 0.8623835461332414
