MSE: 0.09424446495690714
R2: 0.8979018296300173
