MSE: 0.09371098839034615
R2: 0.8990804740411656
