MSE: 0.344425195842941
R2: 0.48336220623558834
