MSE: 0.04996431556033785
R2: 0.9454934739341769
