MSE: 0.16082024079256277
R2: 0.8190772291083669
