MSE: 0.19577779488540212
R2: 0.7650666461375175
