MSE: 0.08927756513578317
R2: 0.9026062925791456
