MSE: 0.11249764077224311
R2: 0.868752752432383
