MSE: 0.10793198348714965
R2: 0.8830736845555879
