MSE: 0.2752570271188234
R2: 0.6972172701692942
