MSE: 0.2573429504096758
R2: 0.6568760661204323
