MSE: 0.24062570322893825
R2: 0.7112491561252742
