MSE: 0.3193414955116231
R2: 0.6350382908438593
