MSE: 0.8837956892658789
R2: -0.10474461158234871
