MSE: 0.8909217812490886
R2: -0.06910613749890615
