MSE: 0.6775307188998397
R2: 0.23777794123768026
