MSE: 0.1864333030908908
R2: 0.7869333678961248
