MSE: 0.25582426258175817
R2: 0.6802196717728023
