MSE: 0.9234133661162545
R2: -0.1542667076453179
