MSE: 0.28787857152881213
R2: 0.6545457141654256
