MSE: 0.16301602962888434
R2: 0.8166069666675051
