MSE: 0.4132004838137533
R2: 0.5277708756414248
