MSE: 0.47029401429925377
R2: 0.29455897855111934
