MSE: 0.34055809566646056
R2: 0.545922539111386
