MSE: 0.10575454856857495
R2: 0.8589939352419
