MSE: 0.23661648955665213
R2: 0.6845113472577972
