MSE: 0.585153422589491
R2: 0.12226986611576329
