MSE: 0.08550892734914599
R2: 0.8859880968678053
