MSE: 0.6577077762687533
R2: 0.23267426101978794
