MSE: 0.14716215669184052
R2: 0.8520983349830749
