MSE: 0.21226648402077536
R2: 0.7871422444359912
