MSE: 0.4040075308654778
R2: 0.5286578806569424
