MSE: 0.4794113903990504
R2: 0.4007357620011869
