MSE: 0.6334783806948198
R2: 0.2609418891893769
