MSE: 0.3065133153406542
R2: 0.5913155795457945
