MSE: 0.2995790727471683
R2: 0.6576239168603791
