MSE: 1.1040082586862137
R2: -0.38001032335776674
