MSE: 0.1735924899823637
R2: 0.7685433466901818
