MSE: 0.6279454813970216
R2: 0.2823480212605468
