MSE: 0.6607889868907667
R2: 0.20705321573107993
