MSE: 0.32575069046067534
R2: 0.6199575277958789
