MSE: 0.23439961390003713
R2: 0.7187204633199553
