MSE: 0.3534994717682129
R2: 0.5758006338781445
