MSE: 0.11809287087866042
R2: 0.8228606936820093
