MSE: 0.2150755655832857
R2: 0.7132325792222858
