MSE: 0.45972286575358556
R2: 0.4636566566208168
