MSE: 0.5325995504843462
R2: 0.37863385776826275
