MSE: 0.8305590934263337
R2: 0.0033290878883998065
