MSE: 0.07972906975998807
R2: 0.8804063953600179
