MSE: 0.19301798487725894
R2: 0.7587275189034264
