MSE: 0.15124126692620954
R2: 0.8471148062593752
