MSE: 0.4983301296965135
R2: 0.4705242371974544
