MSE: 0.5048548215638454
R2: 0.46544783599122264
