MSE: 0.47687474740781816
R2: 0.48906277063448056
