MSE: 0.8028704313155619
R2: 0.14695016672721528
