MSE: 0.702223571700704
R2: 0.24375923047616488
