MSE: 0.3905508609879028
R2: 0.576903233929772
