MSE: 0.9528260323133485
R2: -0.032228201672794166
