MSE: 0.6686662969506103
R2: 0.28675594991934905
