MSE: 0.4115948441105491
R2: 0.5655387756610871
