MSE: 0.4652430976578598
R2: 0.4184461279276752
