MSE: 0.4544216620262275
R2: 0.5171769840971334
