MSE: 0.6066458718719198
R2: 0.3326895409408881
