MSE: 0.5969371006046067
R2: 0.35714466088734653
