MSE: 0.8209356630564465
R2: 0.09697077063790882
