MSE: 0.8477075676885467
R2: 0.0870841578738728
