MSE: 0.33023544513448755
R2: 0.6225880627034428
