MSE: 0.28842789325045026
R2: 0.6875364489786788
