MSE: 0.48428098795831664
R2: 0.47536226304515705
