MSE: 0.4019598086867578
R2: 0.5578442104445664
