MSE: 0.5103903913205632
R2: 0.4531531521565395
