MSE: 0.39769592505291584
R2: 0.5717120807122447
