MSE: 0.289929052434589
R2: 0.6948115237530641
