MSE: 0.05553393183464803
R2: 0.9437718940174189
