MSE: 0.05817634094850822
R2: 0.94033195800153
