MSE: 0.12214168913405885
R2: 0.8760881414582012
