MSE: 0.2700272789279833
R2: 0.7275400428834763
