MSE: 0.014063141644361397
R2: 0.9848550782291493
