MSE: 0.06557752473694387
R2: 0.9278647227893617
