MSE: 0.06214557027924214
R2: 0.9316398726928337
