MSE: 0.14561086564935516
R2: 0.8335875821150226
