MSE: 0.17558375863546785
R2: 0.8097842614782431
