MSE: 0.19878898024129626
R2: 0.7846452714052623
