MSE: 0.17364341343861808
R2: 0.8089922452175201
