MSE: 0.1649544518772996
R2: 0.8185501029349704
