MSE: 0.16873276262922118
R2: 0.8159278953135769
