MSE: 0.12170789636702645
R2: 0.8661213139962709
