MSE: 0.049877103015092315
R2: 0.9455886148926266
