MSE: 0.31982806022512283
R2: 0.6510966615725932
