MSE: 0.06482521322725747
R2: 0.9292815855702645
