MSE: 0.1768125932124286
R2: 0.6463748135751428
