MSE: 0.04579546857435837
R2: 0.9476623216293047
