MSE: 0.06643972354745657
R2: 0.9275203015845929
