MSE: 0.09254435422730706
R2: 0.8971729397474366
