MSE: 0.1105646747365534
R2: 0.8736403717296533
