MSE: 0.27178480341958855
R2: 0.6602689957255143
