MSE: 0.5565447273943075
R2: 0.3816169695618806
