MSE: 0.07114003731701923
R2: 0.9223926865632517
