MSE: 0.14968336161659676
R2: 0.8480825583592749
