MSE: 0.9227856203904725
R2: -0.07658322378888482
