MSE: 0.2224490147644638
R2: 0.7761341125300301
