MSE: 0.21647856100893872
R2: 0.7618735828901675
