MSE: 0.07672905319744351
R2: 0.9177903001455963
