MSE: 0.12238456148006592
R2: 0.8653769823719275
