MSE: 0.22043215116873638
R2: 0.7626115295105915
