MSE: 0.3265711096008236
R2: 0.6501023825705461
