MSE: 0.07828180513043771
R2: 0.9151947111086924
