MSE: 0.21924557088710075
R2: 0.7624839648723075
