MSE: 0.22072801222902722
R2: 0.7516809862423444
