MSE: 0.43722538015989376
R2: 0.5230268580073888
