MSE: 0.12253253478391164
R2: 0.868041885617326
