MSE: 0.08056642381543533
R2: 0.879150364276847
