MSE: 0.20074290479959472
R2: 0.7838153332927442
