MSE: 0.14918322992505317
R2: 0.8321688663343152
