MSE: 0.15348093418543404
R2: 0.8337289879657798
