MSE: 0.15401840733498165
R2: 0.8331467253871032
