MSE: 0.14512446174623692
R2: 0.8427818331082433
