MSE: 0.12348307332404275
R2: 0.8641686193435529
