MSE: 0.7866465940487067
R2: 0.05602408714155194
