MSE: 0.049953937670627835
R2: 0.9458832341901532
