MSE: 0.46400101139877686
R2: 0.4895988874613455
