MSE: 0.21399446759549764
R2: 0.7592562239550651
