MSE: 0.16105095854272722
R2: 0.8371394801253321
