MSE: 0.19764611621134723
R2: 0.8018033375039415
