MSE: 0.10607521447178048
R2: 0.8935922613449224
