MSE: 0.4198387397815899
R2: 0.5591693232293307
