Oracle: 88.58460964586615
Random: 40.67880043746418
_PCIe read bandwidth: 29.17106088840106
_PCIe write bandwidth: 62.19454156271855
_Long_Kernel: 76.08107315566171
_ave_Kernel_Length: 37.082995147583375
_long/short_Ratio: 37.082995147583375
_avg_Thread: 37.082995147583375
sm%: 18.463225843645347
mem%: 76.08107315566171
CPU%: 60.85994252494715
MainMem%: 52.6833220809137
