MSE: 0.3328660386731048
R2: 0.6393951247708032
