MSE: 0.13943583961768993
R2: 0.8599807468274243
