MSE: 0.14351202490644097
R2: 0.8552400444421987
