MSE: 0.351185194046563
R2: 0.6195493731162234
