MSE: 0.28312082824503826
R2: 0.6966562554517447
