MSE: 0.45015389296878355
R2: 0.5123332826171512
