MSE: 0.45420334356970365
R2: 0.5079463777994879
