MSE: 0.503083994981158
R2: 0.45821723617413757
