MSE: 0.5223934572405313
R2: 0.41956282528829847
