MSE: 0.512338837829973
R2: 0.43642727838702977
