MSE: 0.4520271566996549
R2: 0.4977476036670502
