MSE: 0.5977373688820781
R2: 0.3524511837110823
