MSE: 0.23322478338977756
R2: 0.7455729635747882
