MSE: 0.8262812753003995
R2: 0.07043356528705047
