MSE: 0.2869093601950006
R2: 0.5696359597074991
