MSE: 0.3893775080623313
R2: 0.5846639914001801
