MSE: 0.6054627777179417
R2: 0.34408199080556334
