MSE: 0.20999591701916473
R2: 0.7637545933534396
