MSE: 0.31638352725667035
R2: 0.6548543339018142
