MSE: 0.4131219208734502
R2: 0.5352378390173687
