MSE: 0.29604649463489274
R2: 0.6792829641455329
