MSE: 0.44757645352450914
R2: 0.502692829417212
