MSE: 0.9353907698626736
R2: -0.12246892383520813
