MSE: 0.3861833641203977
R2: 0.5787090573232028
