Oracle: 207.41793366309497
Random: 66.57245108661114
_Threads: 142.92783657104707
_Compute (SM) Throughput: 207.41793366309497
_DRAM Throughput: 142.92783657104707
_Memory Throughput: 142.92783657104707
_Registers: 142.92783657104707
_Static Shared Memory: 37.31054766601231
exclusive_throughput: 96.43786784703275
sm%: 41.20339276610093
mem%: 142.92783657104707
memcap: 96.43786784703275
