MSE: 0.10058210812054975
R2: 0.8985355926854104
