MSE: 0.11851219064217453
R2: 0.8730226528833844
