MSE: 0.08585853401892016
R2: 0.908008713551157
