MSE: 0.12669734681779918
R2: 0.8635567034269854
