MSE: 0.37232820463766075
R2: 0.5938237767589156
