MSE: 0.22837258758475698
R2: 0.7525963634498466
