MSE: 0.051259266676863396
R2: 0.9455370291558326
