MSE: 0.222079006861331
R2: 0.7620582069342883
