MSE: 0.23879384760313901
R2: 0.737326767636547
