MSE: 0.1787795060002896
R2: 0.8033425433996815
