MSE: 0.09240752761893206
R2: 0.8998918450794903
