MSE: 0.07646333116100472
R2: 0.898048891785327
