MSE: 0.09747295547116402
R2: 0.89556469056661
