MSE: 0.12915726592914617
R2: 0.8609075597686119
