MSE: 0.11198902979168265
R2: 0.8755677446759081
