MSE: 0.07143878453676289
R2: 0.923798629827453
