MSE: 0.1567140685335995
R2: 0.8290391979633459
