MSE: 0.3916003992131922
R2: 0.5431328675846092
