MSE: 0.07439815637634345
R2: 0.9173353818040628
