MSE: 0.3167920527856199
R2: 0.6544086696884146
