MSE: 0.10595706718893332
R2: 0.8822699253456296
