MSE: 0.13182309762812117
R2: 0.8580366640927927
