MSE: 0.049827911531999204
R2: 0.9418674365460009
