MSE: 0.1730148491544515
R2: 0.7923821810146583
