MSE: 0.006077364925009286
R2: 0.9927071620899889
