MSE: 0.17744541393418453
R2: 0.792980350410118
