MSE: 0.32781189896384444
R2: 0.6066257212433868
