MSE: 0.038511692913017447
R2: 0.9550696916014797
