MSE: 0.11101015619684791
R2: 0.8704881511036775
