MSE: 0.3854955151143527
R2: 0.4860059798475299
