MSE: 0.24907009777359596
R2: 0.7094182192641381
