MSE: 0.13343286585133907
R2: 0.8443283231734378
