MSE: 0.12896520288956342
R2: 0.8065521956656548
