MSE: 0.09825979432000284
R2: 0.8689869409066628
