MSE: 0.15700266602155297
R2: 0.8037466674730588
