MSE: 0.1281695771127919
R2: 0.8461965074646498
