MSE: 0.01963276104574266
R2: 0.9607344779085146
