MSE: 0.20355763806760852
R2: 0.7673626993513045
