MSE: 0.10495503974343859
R2: 0.8600599470087485
