MSE: 0.1339182768154064
R2: 0.832602153980742
