MSE: 0.27028576178158464
R2: 0.6621427977730192
