MSE: 0.07715305369821972
R2: 0.9224592425143521
