MSE: 0.13782831830456826
R2: 0.859912201067488
