MSE: 0.1295640612387091
R2: 0.8617983346787104
