MSE: 0.3067438388713079
R2: 0.6713458869235988
