MSE: 0.11010216935156933
R2: 0.8825576860249927
