MSE: 0.2443122282809186
R2: 0.7353284193623382
