MSE: 0.2120431929061506
R2: 0.7728108647434101
