MSE: 0.3477221383541304
R2: 0.6274405660491459
