MSE: 0.1354648570229311
R2: 0.85656662197572
