MSE: 0.31312798681119347
R2: 0.6627852449725609
