MSE: 0.4136185822001987
R2: 0.5519132026164515
