MSE: 0.23901346674043283
R2: 0.7439141427781076
