MSE: 0.18321113658284105
R2: 0.8045747876449696
