MSE: 0.1684254113826829
R2: 0.8195442020899826
