MSE: 0.3125346674341632
R2: 0.609331665707296
