MSE: 0.22843253293059473
R2: 0.7563386315406989
