MSE: 0.145042030710277
R2: 0.8404537662186953
