MSE: 0.19406967629578717
R2: 0.7920682039687994
