MSE: 0.1286952839725566
R2: 0.8614050787987851
