MSE: 0.220776867771677
R2: 0.7546923691425811
