MSE: 0.4063987863792058
R2: 0.5355442441380505
