MSE: 0.30048909965873877
R2: 0.6780473932227797
