MSE: 0.24490707790528365
R2: 0.7346839989359428
