MSE: 0.07042479694496516
R2: 0.9254325679406251
