MSE: 0.16691295876232676
R2: 0.8232686318987128
