MSE: 0.6354140123923997
R2: 0.25868365220886724
