MSE: 0.322525423857485
R2: 0.5699661015233533
