MSE: 0.15499063887556483
R2: 0.8191775879785077
