MSE: 0.5815741549500785
R2: 0.3021110140599059
