MSE: 0.42163656999573995
R2: 0.5315149222269556
