MSE: 1.1650907801455272
R2: -0.45636347518190834
