MSE: 0.42840174598452363
R2: 0.5001979630180557
