MSE: 0.2937224254709802
R2: 0.657323836950523
