MSE: 0.39946075279137905
R2: 0.5434734253812811
