MSE: 0.25005333024781107
R2: 0.7082711147108871
