MSE: 1.1685176502539525
R2: -0.4606470628174404
