MSE: 0.4087679487526054
R2: 0.5094784614968735
