MSE: 0.6204598460354782
R2: 0.17272020528602916
