MSE: 0.5777013778970538
R2: 0.3067583465235356
