MSE: 1.1397703477148629
R2: -0.7096555215722944
