MSE: 0.3988293196422888
R2: 0.5346991270839965
