MSE: 0.6222928939937046
R2: 0.2739916236740113
