MSE: 0.30413822491268727
R2: 0.6451720709351982
