MSE: 0.7234572305623385
R2: 0.13185132332519378
