MSE: 0.16733360767705988
R2: 0.8047774577100968
