MSE: 0.2258718456952963
R2: 0.7711561563350288
