MSE: 0.4588686691981891
R2: 0.46465321926877945
