MSE: 0.25624249929303883
R2: 0.7010504174914547
