MSE: 0.5371606008354157
R2: 0.38610217047381046
