MSE: 0.2048306785119885
R2: 0.7268924286506822
