MSE: 0.37149636993771223
R2: 0.5754327200711861
