MSE: 0.5884956486238799
R2: 0.3274335444298515
