MSE: 0.717297710597809
R2: 0.18023118788821824
