MSE: 0.7852456398421623
R2: 0.1165986551775674
