MSE: 0.4701201412711251
R2: 0.43585583047464993
