MSE: 0.5660952176252194
R2: 0.3530340369997492
