MSE: 0.6841497066970816
R2: 0.20182534218673787
