MSE: 0.7267018169312897
R2: 0.12795781968245235
