MSE: 0.6291334410009986
R2: 0.16115541199866867
