MSE: 0.4602364014621769
R2: 0.4477163182453877
