MSE: 0.6826877754824584
R2: 0.08974963269005565
