MSE: 0.5553733244295681
R2: 0.3752050100167357
