MSE: 0.76726008615618
R2: -0.02301344820824025
