MSE: 0.6411483800053285
R2: 0.1985645249933392
