MSE: 0.5143939593068035
R2: 0.3570075508664957
