MSE: 0.14710502752631702
R2: 0.8507630155530117
