MSE: 0.094447282913167
R2: 0.9047590424405039
