Oracle: 237.77799074726983
Random: 99.34305416318263
_Threads: 184.90428772451725
_Compute (SM) Throughput: 237.77799074726983
_DRAM Throughput: 184.90428772451725
_Memory Throughput: 184.90428772451725
_Registers: 184.90428772451725
_Static Shared Memory: 32.94086264013349
exclusive_throughput: 132.65529858246734
sm%: 61.40784143854784
mem%: 184.90428772451725
memcap: 140.00209072362838
