MSE: 0.22832019158833394
R2: 0.7574097964373951
