MSE: 0.10365572125027199
R2: 0.8955015493086689
