MSE: 0.19096270840541907
R2: 0.807218599133577
