MSE: 0.2916941099436161
R2: 0.7068176548015694
