Oracle: 166.00265447218982
Random: 69.27907137822896
_Threads: 161.59438399787643
_Compute (SM) Throughput: 92.75863253874175
_DRAM Throughput: 161.59438399787643
_Memory Throughput: 91.92738011689516
_Registers: 161.59438399787643
_Static Shared Memory: 30.7220148311906
exclusive_throughput: 92.75863253874175
sm%: 44.319390927805486
mem%: 161.59438399787643
memcap: 92.75863253874175
