MSE: 0.16180701649210621
R2: 0.8370372191043788
