MSE: 0.06957921626707612
R2: 0.9204808956947702
