MSE: 0.10705126288345308
R2: 0.8795673292561152
