MSE: 0.1778971509726748
R2: 0.7924533238652127
