MSE: 0.6635621142147468
R2: 0.17054735723156655
