MSE: 0.25194235886071636
R2: 0.7120658755877527
