MSE: 0.10815763640220757
R2: 0.8783226590475165
