MSE: 0.1307954215275599
R2: 0.8505195182542172
