MSE: 0.14291681918409793
R2: 0.8412035342398911
