MSE: 0.597321034036344
R2: 0.31734738967275
