MSE: 0.1001706613466925
R2: 0.8855192441752086
