MSE: 0.14601019694128503
R2: 0.8393887833645866
