MSE: 0.0963659385627935
R2: 0.8875730716767409
