MSE: 0.026047454340075837
R2: 0.9674406820749052
