MSE: 0.10429020045501917
R2: 0.8826735244881034
