MSE: 0.13834896603512464
R2: 0.8443574132104847
