MSE: 0.16172010655305769
R2: 0.8059358721363308
