MSE: 0.13127096720306122
R2: 0.8424748393563265
