MSE: 0.24184280644582068
R2: 0.7097886322650152
