MSE: 0.5977600005066296
R2: -0.19552000101325895
