MSE: 0.3568691293402648
R2: 0.5539135883246689
