MSE: 0.09875483309127095
R2: 0.9002863821214351
