MSE: 0.7154916143835997
R2: 0.18229529784731469
