MSE: 0.3557075678027118
R2: 0.5850078375635028
