MSE: 0.5191394220208804
R2: 0.4159681502265097
