MSE: 1.139443322179511
R2: -0.32935054254276275
