MSE: 0.6679834211176421
R2: 0.2485186512426526
