MSE: 0.943703634425212
R2: -0.13244436131025483
