MSE: 0.5427697372977524
R2: 0.40788755931154297
