MSE: 0.12389186156308671
R2: 0.8637189522806046
