MSE: 0.8134265118523245
R2: 0.07036970074020055
