MSE: 0.3375052609882319
R2: 0.6203065813882391
