MSE: 0.2301358136926329
R2: 0.744293540341519
