MSE: 0.42146888444475816
R2: 0.5082863014811156
