MSE: 0.23251465938840732
R2: 0.7093566757644908
