MSE: 0.4697636963027001
R2: 0.48325993406703005
