MSE: 0.5568391328274873
R2: 0.3503543450345983
