MSE: 0.3461145859829495
R2: 0.5673567675213131
