MSE: 0.7174898159052185
R2: -0.43497963181043686
