MSE: 0.5710363489575135
R2: 0.3147563812509837
