MSE: 0.41278969517923947
R2: 0.48401288102595075
