MSE: 0.14304767144068337
R2: 0.8365169469249333
