MSE: 0.3097938916369435
R2: 0.6881679906549187
