MSE: 0.18931175359584895
R2: 0.8092320021457216
