Oracle: 156.0457935185362
Random: 64.81554777577873
_Threads: 98.94845148842109
_Compute (SM) Throughput: 93.25934246140265
_DRAM Throughput: 124.150714109119
_Memory Throughput: 104.73883016472037
_Registers: 77.85250553854642
_Static Shared Memory: 52.25630804836167
exclusive_throughput: 126.48799578409692
sm%: 20.826995734475403
mem%: 104.73883016472037
memcap: 91.86811655646915
