MSE: 0.10526782398625555
R2: 0.8881529370146035
