Oracle: 68.15412942508469
Random: 24.748266789119167
_Threads: 54.46855745366094
_Compute (SM) Throughput: 67.32581939688859
_DRAM Throughput: 54.46855745366094
_Memory Throughput: 54.46855745366094
_Registers: 6.81987128555642
_Static Shared Memory: 3.757909398884699
exclusive_throughput: 62.94462965894668
sm%: 5.10294556586561
mem%: 54.46855745366094
memcap: 54.46855745366094
