Oracle: 194.35679338447534
Random: 84.1780711640363
_PCIe read bandwidth: 86.87195783150236
_PCIe write bandwidth: 86.87195783150236
_Long_Kernel: 124.15071410911901
_ave_Kernel_Length: 121.1347263788993
_long/short_Ratio: 87.47287743054017
_avg_Thread: 124.15071410911901
sm%: 68.09899997309319
mem%: 100.20626746796124
CPU%: 86.87195783150236
MainMem%: 87.47287743054017
