MSE: 0.634529233627512
R2: 0.32581268927076845
