MSE: 0.4259017853319545
R2: 0.5650364745545997
