Oracle: 102.84688378584696
Random: 51.56445128594792
_PCIe read bandwidth: 84.17920787842256
_PCIe write bandwidth: 84.17920787842256
_Long_Kernel: 82.06250314692315
_ave_Kernel_Length: 82.06250314692315
_long/short_Ratio: 20.017405271733274
_avg_Thread: 82.06250314692315
sm%: 26.204661184769993
mem%: 82.06250314692315
CPU%: 84.17920787842256
MainMem%: 61.069859574752115
