MSE: 0.45457667795883466
R2: 0.46966054238135946
