MSE: 0.5408642905160915
R2: 0.39903967720434275
