MSE: 0.9769147552954573
R2: -0.1397338811780331
