MSE: 0.4936895032616199
R2: 0.4075725960860561
