MSE: 0.6699450872215099
R2: 0.19606589533418806
