MSE: 0.357568512941881
R2: 0.5913502709235645
