MSE: 0.4189273658641764
R2: 0.4414301788477648
