MSE: 0.652649644733095
R2: 0.2748337280743387
