MSE: 0.4264935291107224
R2: 0.466883088611597
