MSE: 0.5626855189940473
R2: 0.34353356117361133
