MSE: 0.3897123795091774
R2: 0.5323451445889871
