MSE: 0.2746534047508629
R2: 0.6861103945704423
