MSE: 0.22793485439777889
R2: 0.6960868608029616
