MSE: 0.18319989294906774
R2: 0.7557334760679096
