MSE: 0.8488250788930005
R2: 0.009704074624832582
