MSE: 0.22339190080463456
R2: 0.7207601239942067
