MSE: 0.40714768535562
R2: 0.5249943670851098
