MSE: 0.35019642756312563
R2: 0.5997755113564278
