MSE: 0.3578724637895627
R2: 0.5228367149472499
