MSE: 7.036231235752315e+26
R2: -7.086133584942047e+26
