Oracle: 94.70793568702607
Random: 40.309691194398674
_Threads: 68.5672618509105
_Compute (SM) Throughput: 89.07135745689351
_DRAM Throughput: 68.5672618509105
_Memory Throughput: 68.5672618509105
_Registers: 68.5672618509105
_Static Shared Memory: 21.447149569400253
exclusive_throughput: 81.21462567942157
sm%: 12.742258925834793
mem%: 68.5672618509105
memcap: 43.85660112372538
