MSE: 0.11563815555757229
R2: 0.8775595999978646
