MSE: 0.3002296447875147
R2: 0.649732081081233
