MSE: 0.2847272130820594
R2: 0.6203637158905875
