MSE: 0.02379323893730647
R2: 0.9722412212398092
