MSE: 0.4539702902227195
R2: 0.47036799474016056
