MSE: 0.06831936934240906
R2: 0.9202940691005228
