MSE: 0.26922084038467153
R2: 0.6634739495191607
