MSE: 0.14278115094741514
R2: 0.8286626188631019
