MSE: 0.030717496425692152
R2: 0.964894289799209
