MSE: 0.09611920421817284
R2: 0.8932008842020301
