MSE: 0.11406156009689285
R2: 0.8479179198708096
