MSE: 0.06731693732104864
R2: 0.9158538283486892
