MSE: 0.08243177011074136
R2: 0.9010818758671104
