MSE: 0.23071703650706046
R2: 0.7231395561915275
