MSE: 0.07149114969228
R2: 0.91659365869234
