MSE: 0.02649029549356551
R2: 0.9690946552575069
