MSE: 0.13218552273418363
R2: 0.8457835568101191
