MSE: 0.300930344427153
R2: 0.5486044833592705
