MSE: 0.4803291268549764
R2: 0.4396160186691942
