MSE: 0.13099220425733757
R2: 0.8428093548911949
