MSE: 0.19883546692472714
R2: 0.7790717034169699
