MSE: 0.13181195837775608
R2: 0.8608651550457019
