Oracle: 71.09498890750388
Random: 30.97409460049082
_Threads: 66.59253708057489
_Compute (SM) Throughput: 71.09498890750388
_DRAM Throughput: 66.59253708057489
_Memory Throughput: 66.59253708057489
_Registers: 17.68136001723789
_Static Shared Memory: 5.0915647864494105
exclusive_throughput: 56.125761066508026
sm%: 6.444360081540339
mem%: 66.59253708057489
memcap: 59.97105912709311
