MSE: 0.058222402135742396
R2: 0.9412123318241048
