MSE: 0.41240998835818526
R2: 0.5696591425827633
