Oracle: 137.84747186549444
Random: 89.10376030124974
_PCIe read bandwidth: 76.08107315566171
_PCIe write bandwidth: 128.25622445187662
_Long_Kernel: 109.25006303733034
_ave_Kernel_Length: 86.58610280397195
_long/short_Ratio: 86.58610280397195
_avg_Thread: 86.58610280397195
sm%: 66.59253708057489
mem%: 109.25006303733034
CPU%: 128.83596749492756
MainMem%: 124.79581741401309
