MSE: 0.34966018074817024
R2: 0.6185525300929051
