MSE: 0.12220898285280854
R2: 0.8690618040862765
