MSE: 0.16610199545710896
R2: 0.8154422272698789
