MSE: 0.22878405091107473
R2: 0.7457954989876947
