MSE: 0.24989801726301145
R2: 0.7273839811676239
