MSE: 0.17583075695330364
R2: 0.804632492274107
