MSE: 0.16327513029480553
R2: 0.8241652442979017
