MSE: 0.3483999119486064
R2: 0.616760096856533
