MSE: 0.3316377732554137
R2: 0.6209854019938128
