MSE: 0.2667587284532517
R2: 0.7110113775089772
