MSE: 0.16917804181968646
R2: 0.8026256178770326
