MSE: 0.11656204992850576
R2: 0.8728414000779937
