MSE: 0.21294404496848784
R2: 0.5741119100630242
