MSE: 0.1093885199948222
R2: 0.876937915005825
