MSE: 0.1582373026826138
R2: 0.8273774879826031
