MSE: 0.2282775069580932
R2: 0.739111420619322
