MSE: 0.19418080304251747
R2: 0.7881663966808901
