MSE: 0.08614653943871281
R2: 0.8851379474150496
