MSE: 0.2660371051348091
R2: 0.7073591843517099
