MSE: 0.3589309701979829
R2: 0.6011878108911302
