MSE: 0.1621540578150411
R2: 0.8231046642017734
