MSE: 0.19110185862971968
R2: 0.7961580174616324
