MSE: 0.064808313123415
R2: 0.9346329945220728
