MSE: 0.1537906547788257
R2: 0.8455658696781667
