MSE: 0.1841008663413964
R2: 0.7852156559350375
