MSE: 0.05915614515773353
R2: 0.9323929769625903
