MSE: 0.06313712063024017
R2: 0.9263400259313865
