MSE: 0.12220213225258394
R2: 0.84724733468427
