MSE: 0.47019443898858393
R2: 0.43576667321369944
