MSE: 0.08048499500987027
R2: 0.9105722277668108
