MSE: 0.1815799310529396
R2: 0.7821040827364726
