MSE: 0.1928214008687189
R2: 0.7830759240226912
