MSE: 0.17905443280981043
R2: 0.7953663625030738
