MSE: 0.12344215593508849
R2: 0.8456973050811394
