MSE: 0.1579793622176279
R2: 0.8244673753137468
