MSE: 0.008596913834309536
R2: 0.9871046292485357
