MSE: 0.16493678737555106
R2: 0.814446114202505
