MSE: 0.2514591354850251
R2: 0.712618130874257
