MSE: 0.19919772642662503
R2: 0.7344030314311667
