MSE: 0.24037465519398257
R2: 0.6995316810075218
