MSE: 0.1150818882655308
R2: 0.8657377970235474
