MSE: 0.09584307528198607
R2: 0.888183078837683
