MSE: 0.2539622158320594
R2: 0.6825472302099258
