MSE: 0.5529296107475301
R2: 0.4391713948132193
