Oracle: 113.33801837763056
Random: 44.15782825233706
_PCIe read bandwidth: 89.65572629027147
_PCIe write bandwidth: 89.65572629027147
_Long_Kernel: 71.58817203329656
_ave_Kernel_Length: 69.9776008978638
_long/short_Ratio: 20.013897535004833
_avg_Thread: 71.58817203329656
sm%: 18.546824945942554
mem%: 89.9108670726992
CPU%: 89.65572629027147
MainMem%: 99.52938586641383
