MSE: 0.6477223798576095
R2: 0.2803084668248784
