Oracle: 117.77324903484184
Random: 79.06830436167643
_PCIe read bandwidth: 84.29382476601725
_PCIe write bandwidth: 84.29382476601725
_Long_Kernel: 103.33003069368456
_ave_Kernel_Length: 103.33003069368456
_long/short_Ratio: 46.89417182096719
_avg_Thread: 103.33003069368456
sm%: 48.62322509300998
mem%: 103.33003069368456
CPU%: 83.59278798430682
MainMem%: 78.7354815132593
