MSE: 0.3432928612676023
R2: 0.636513441010774
