MSE: 0.0991555997517282
R2: 0.900489003833391
