MSE: 8.410332953519296e+26
R2: -8.456543574143026e+26
