Oracle: 133.94077532678634
Random: 57.79010134981566
_Threads: 77.85250553854642
_Compute (SM) Throughput: 130.1578192011831
_DRAM Throughput: 105.67377692652218
_Memory Throughput: 84.28577236526206
_Registers: 77.85250553854642
_Static Shared Memory: 21.447149569400253
exclusive_throughput: 96.41398914546951
sm%: 29.21247329007643
mem%: 84.28577236526206
memcap: 96.41398914546951
