MSE: 0.08601525536906231
R2: 0.9096839818624846
