MSE: 0.3689992149735845
R2: 0.6134293938371973
