Oracle: 145.27001526541517
Random: 85.23988155850505
_Threads: 128.83596749492756
_Compute (SM) Throughput: 142.39607869133323
_DRAM Throughput: 128.83596749492756
_Memory Throughput: 128.83596749492756
_Registers: 93.20366797676735
_Static Shared Memory: 64.58285951903251
exclusive_throughput: 83.59278798430682
sm%: 59.97105912709311
mem%: 128.83596749492756
memcap: 94.30372972515929
