MSE: 0.23456680233644026
R2: 0.7516351504672985
