Oracle: 141.60282268171085
Random: 82.25852269230663
_Threads: 124.79581741401309
_Compute (SM) Throughput: 135.61469584929552
_DRAM Throughput: 124.79581741401309
_Memory Throughput: 124.79581741401309
_Registers: 82.88271442184208
_Static Shared Memory: 82.88271442184208
exclusive_throughput: 78.7354815132593
sm%: 53.894221926140105
mem%: 124.79581741401309
memcap: 86.56650914946994
