MSE: 0.5703512571447161
R2: 0.39609866890559475
