MSE: 0.8120129277728128
R2: 0.12998614881484338
