MSE: 0.6659397381640424
R2: 0.2785652836556205
