MSE: 0.6477634140609573
R2: 0.3090523583349788
