MSE: 0.4998477265535294
R2: 0.46682909167623543
