MSE: 0.5995170998650318
R2: 0.3652171883782017
