MSE: 0.6436623125602188
R2: 0.30269916139309616
