MSE: 0.5529949151208022
R2: 0.40446701448528977
