MSE: 0.5166092138376904
R2: 0.44649012803104593
