MSE: 0.849101733519614
R2: 0.09024814265755643
