MSE: 0.7858210640245673
R2: 0.11595130297236178
