MSE: 0.617979747884493
R2: 0.3408216022565407
