MSE: 0.7243890638461357
R2: 0.09451367019233026
