MSE: 0.7049970968565997
R2: 0.2480030966862936
