MSE: 0.643946498640384
R2: 0.31817429555724064
