MSE: 0.785491735678978
R2: 0.13595909075312418
