MSE: 0.6423305886275031
R2: 0.29927572149726955
