MSE: 0.6002078566176794
R2: 0.35362230825788377
