MSE: 0.5066050446805843
R2: 0.45720888069937415
