MSE: 0.6240208247057554
R2: 0.28683334319342246
