MSE: 0.9029841837742363
R2: 0.021767134244577324
