MSE: 0.1665701232997218
R2: 0.8126086112878129
