MSE: 0.10089645749208553
R2: 0.8878928250087939
