MSE: 0.09372933695455016
R2: 0.8968977293499948
