MSE: 0.20663048805623152
R2: 0.7704105688264093
