MSE: 0.24285509288919613
R2: 0.7328593978218843
