MSE: 0.07454543106988444
R2: 0.9192424496742919
