MSE: 0.21420221694505048
R2: 0.7590225059368182
