MSE: 0.22894691486383056
R2: 0.738346383012765
