MSE: 0.5469744315773835
R2: 0.36186316315971945
