MSE: 0.1192907538680981
R2: 0.8636677098650307
