MSE: 0.06622668340463525
R2: 0.9264147962170719
