MSE: 0.09716998155283284
R2: 0.8833960221366005
