MSE: 0.1347890174820915
R2: 0.8517320807696994
