MSE: 0.23902526993465298
R2: 0.7344163667392745
