MSE: 0.11201551057519091
R2: 0.8719822736283532
