MSE: 0.24206367459205946
R2: 0.6369044881119108
