MSE: 0.16113014443039422
R2: 0.8120148314978735
