MSE: 0.055177661628818604
R2: 0.9337868060454176
