MSE: 0.1598910146454249
R2: 0.8134604829136709
