MSE: 0.09399656193539163
R2: 0.88720412567753
