MSE: 0.09750509445714851
R2: 0.8916610061587239
