MSE: 0.04185717496892754
R2: 0.9529106781599566
