MSE: 0.18178364329887806
R2: 0.7818596280413463
