MSE: 0.07701890905324858
R2: 0.9152792000414266
