MSE: 0.10601663771795011
R2: 0.8851486424722207
