MSE: 0.11538580519832935
R2: 0.8701909691518794
