MSE: 0.40403209584831273
R2: 0.5454638921706483
