MSE: 0.260048789821629
R2: 0.71105690019819
