MSE: 0.2447582347834743
R2: 0.7202763031046009
