MSE: 0.11466919548868525
R2: 0.8709971550752291
