MSE: 0.02589216523089032
R2: 0.9689294017229316
