MSE: 0.047987643123224635
R2: 0.9466803965297504
