MSE: 0.05804266823509667
R2: 0.9322835537257206
