MSE: 0.09166489588961642
R2: 0.8952401189832955
