MSE: 0.16844558508736734
R2: 0.8034801507314048
