MSE: 0.15403157991526442
R2: 0.8202964900988582
