MSE: 0.08311314933945112
R2: 0.8753302759908234
