MSE: 0.11624296325505697
R2: 0.8605084440939317
