MSE: 0.14489529249620947
R2: 0.8369927959417643
