MSE: 0.09441214582897545
R2: 0.8937863359424026
