MSE: 0.5760018240485518
R2: 0.3828551885194088
