MSE: 0.5301119061469362
R2: 0.4367560997188803
