MSE: 0.37288294307353426
R2: 0.6109047550537035
