Oracle: 83.47384136451944
Random: 37.92283225612874
_PCIe read bandwidth: 25.655025403076245
_PCIe write bandwidth: 60.26316803012611
_Long_Kernel: 71.91099765337414
_ave_Kernel_Length: 39.854217590211476
_long/short_Ratio: 39.854217590211476
_avg_Thread: 39.854217590211476
sm%: 21.02922955306353
mem%: 71.91099765337414
CPU%: 57.3478298790469
MainMem%: 50.42858998275533
