MSE: 0.09617436855373551
R2: 0.9017793682855467
