MSE: 0.8433084424523474
R2: 0.14866004857191562
