MSE: 0.08315352881940209
R2: 0.9165484298586646
