MSE: 0.23521623293410812
R2: 0.7491026848702846
