MSE: 0.22299899780065116
R2: 0.7598472331377604
