MSE: 0.13064733270621662
R2: 0.8593028724702282
