MSE: 0.2836839739137348
R2: 0.696052885092427
