MSE: 0.38625615955138287
R2: 0.5786296441257641
