MSE: 0.2814816847897178
R2: 0.6872425724558692
