MSE: 0.2672965771523598
R2: 0.712142147682074
