MSE: 0.1801643222175617
R2: 0.8092377764755229
