MSE: 0.22697639002363215
R2: 0.7541089108077318
