MSE: 0.11214819300902105
R2: 0.8792250229133619
