MSE: 0.2481117573183088
R2: 0.7312122629051654
