MSE: 0.15762140751939535
R2: 0.7898381233074728
