MSE: 0.2732730715800139
R2: 0.6963632537999845
