MSE: 0.1952148265454758
R2: 0.7908412572727044
