MSE: 0.22159436221793763
R2: 0.7613599176114517
