MSE: 0.1916113703529709
R2: 0.7924210154509482
