MSE: 0.2300714184119295
R2: 0.7490129980960769
