MSE: 0.22843775388519708
R2: 0.7525257666243699
