MSE: 0.21102431158461088
R2: 0.7655285426837657
