MSE: 0.19451999587133675
R2: 0.7915857187092821
