MSE: 0.1739024479942317
R2: 0.7971138106733963
