MSE: 0.1285642401955794
R2: 0.8698287068019759
