MSE: 0.19324588208247376
R2: 0.7891863104554833
