Oracle: 74.20037195929153
Random: 43.39522179050322
_PCIe read bandwidth: 58.90127875530955
_PCIe write bandwidth: 58.90127875530955
_Long_Kernel: 74.20037195929153
_ave_Kernel_Length: 15.933414492218095
_long/short_Ratio: 15.933414492218095
_avg_Thread: 15.933414492218095
sm%: 21.19677337246058
mem%: 74.20037195929153
CPU%: 64.58285951903251
MainMem%: 28.2555045717733
