MSE: 0.17834927907002168
R2: 0.8200724087258189
