MSE: 0.2535318566226868
R2: 0.7182979370859035
